100
75218869771512752 -1.2300573364328989e+17 1.060762149601665e+30
32160212661131780 94127663484425008 2.0860495423178911e+30
55478986445663720 -14112668430613774 3.4144114056010878e+29
25689179782749516 3409888357612354.5 1.0962427556514086e+30
18129768144527340 -30090995302311416 2.9638394767163794e+30
-33624850263910864 45049874629811432 1.8255193857764392e+30
-68742716602861016 -21019633592835896 9.7503617213224159e+29
-28534009221795516 12683389675923238 3.643274071825725e+30
97502539066085424 39803767789741048 2.9472805618229447e+29
-72066718478903808 -9353253508431932 2.9766699128023485e+30
95216428152462304 -74734408656723104 2.4054499534578137e+30
31538199637785384 -81222053979528000 2.2667749838907374e+30
-41450915062092712 -48097575050633288 2.9022177542898344e+30
1357926300137911.5 -15037023690442942 2.3058988275470025e+30
-13770370095919840 -17326602818421872 2.4951060951168954e+30
92657078701748864 42678270827076496 8.1104843120146874e+28
42390818353114008 -33202792758806972 1.6127203601139267e+30
23605001885977396 -1970845869683593.8 3.7746617156291129e+30
-13126261249450604 -9319316365591026 5.9410165355964729e+29
-26241856445548148 36139798915627960 5.6753238323792969e+28
-35575185216338608 35406557445402020 1.9942254647348679e+30
6773710895631087 25143471357252672 3.738933517157553e+30
42414263086066592 68020963998330008 2.2915457871718942e+30
90601353413878192 47257163735621400 2.6456044639779004e+30
28960924487010224 12180086507896986 7.0653967244896546e+29
-6279657140363661 -15915199762034018 8.7382664243227201e+29
23989124779994820 38720221125763376 2.8529474063077371e+30
26006056816193500 -2473027426380157.5 8.488251737439265e+29
10453633546657350 1885824751834924.5 2.3976419167801347e+30
-72623673572500000 -45139231413223512 2.8913911729953991e+30
-1.0482648227217166e+17 -65121483500201288 2.5387004993036176e+30
-6771054086170877 40123474636892560 2.95100005726688e+30
-61395986849805232 -2842135985791801 1.9138807836168884e+30
11569484916164002 -32229609356547736 3.0049020673480575e+30
-33717458020972264 3986159639613776 1.6276396686633681e+30
-22796262857684640 2457804093177454 3.5931964583288924e+30
5106915004225635 21139431771476152 1.2288491372501885e+30
-67924185477201616 11235548681688808 3.7069730544677073e+30
15933524501364704 -1299933050357986.2 2.3993058876228081e+30
41749947719297032 79058660228788032 6.3585776486662747e+28
-57523889066806000 -36922371949951688 7.4680130371360273e+28
-56606889342583120 17786520429006448 2.6871378953053164e+30
-9435015625134050 -31236995298207988 3.9108653244408334e+30
2953239129201927 9484687558571052 1.6866300547589391e+30
-31024361648549664 1074226323448823 1.2966158223732599e+30
-9572512377878040 -20331650272173996 2.4328148266489528e+30
-6381286134673346 -16834029951123586 2.1988587096296437e+30
80207588309335248 17937398068077030 2.1349354855258122e+30
76051532589499552 43779557979483760 2.3359558286499254e+30
-1.0709491433188232e+17 39713056403472736 1.5282921109430226e+30
22046916817785000 -62920892621555816 3.2716733613068164e+30
23391845083850144 -35431788459588712 1.5965527118521886e+30
-46433430344109608 -31008578839056264 1.509802755614162e+30
1.1066822159476957e+17 61916131957998288 2.6465778713833178e+30
21026630510093892 -12467389062805522 3.759059013404864e+30
4331665407755698.5 8194614185184997 4.7775039072686964e+29
-87704178302943216 1.0532804752616154e+17 1.3992566178399274e+30
79594507922270048 30312348566479472 2.8784900253474961e+30
-1.0262156262096067e+17 45852099701123800 1.2429182441428023e+30
30860099250101264 67827969052487432 2.3705783894682998e+29
32006660086238436 49943591822434160 3.6434177998012849e+30
-1.0178179239985758e+17 21868709242110884 6.0043255903940577e+28
-27600253693722988 -65972784680989568 1.3473857827709381e+30
-19106022452344176 23752797871855148 1.3525983827296143e+30
-26017539451506960 1017832256069233.1 4.4083322915159921e+29
50674575420484744 -5848653939784776 2.4687804962876369e+30
16854740645916890 -29866606281258120 1.9299731730975706e+30
-55791596063089336 -28666787141794552 2.8249961528150583e+30
25319091054040124 11324636501888852 2.3990452979046016e+30
-37563792281710888 26115973667784252 3.3844143813909282e+30
-47933942829848040 -29030162777207216 2.1257824329049897e+30
54662711685474280 -1.0776998078431742e+17 2.1110037666087116e+30
-24897387653399064 -16807594484854118 2.0511347062098149e+30
41034356117033440 23569443816750572 5.3948446394198536e+29
47550068143626488 -93556419506955904 2.1542320762319162e+30
-51743362068041712 -9726205056399336 7.942366643875086e+29
-84056893950655184 -46785523095839344 2.8091517226088562e+30
-1.0931866851756682e+17 59064837445880904 1.2699707191848285e+30
76589260564406272 3926938437430344 2.6047357705650848e+30
24965891195532052 -22094159551537136 2.8598738487524157e+30
-83092084506887120 -95907599230527872 8.6686758022140574e+28
-3392929535281604 14036952323364056 5.751015837462897e+29
63882053520350320 -87520472660505328 1.6739132715067228e+30
14055022050058384 -41492606838460888 1.24809896006107e+30
39279553424838248 -12220089832462940 2.7425765466844516e+30
26436102544637028 -6838154991059625 1.2132965471035318e+29
24600964121692204 -20587654894623496 3.3439311857576489e+30
62915133607407016 -95375234168416160 3.1518870092647493e+30
-70157491322321624 -45939191262956464 1.4061512215572486e+30
30089057539253976 79009152317854256 6.9632601408341986e+29
34810199345338292 -10991658213948310 1.3958590975677057e+30
9537063953870426 -27081704523928504 1.34535244226694e+30
82103282549991072 -87831110572140592 7.7717756525040804e+29
-48602238723572128 65158321039987536 3.6422957665219068e+30
68979935104428272 1.1605602235868618e+17 1.7729872305279396e+30
19774141183655508 -48226763418247288 3.339093231895893e+30
-57220182424898168 51667739116049752 2.5214653995675225e+30
19616917404029204 -58532914868733616 2.6217539145925965e+30
24423978655629616 -19991513092467152 2.6022512296927317e+30
0 0 1.98892e+36
