1600
6569584154841574 -25440501385566000 3.094542574419113e+30
-29848573786552812 52348869256850056 2.6602705534179006e+30
31226816043920972 16268885638310674 2.8029583243762096e+29
-37067409673531528 -27039007513959076 1.3377190410179367e+30
24783593647578676 -21277710173609252 3.5115306567712779e+30
58276008707677072 -11939173522506678 1.5925385930720878e+30
-11921655049816502 -27537570631966052 2.3011692802208968e+30
-8770586255847171 -42203380127010592 3.1392910799576786e+30
8107577140927756 -9304524710470738 2.6017627098240779e+30
6520953353403096 -43742356939660728 2.1649431394372859e+30
8351589727675754 -11029354272135772 2.0841681474578359e+30
-11819199233799958 -43531554086836112 5.3275649585915777e+29
-35519392293623916 -7157475339835185 3.4443167125172904e+30
-18719133673812488 -3761416094223617.5 3.8667060357030585e+30
19450814956993220 -4869119606689827 3.3347029674047741e+30
76177256735416400 28115975180564620 1.0601831333540867e+30
-1643071157414337 13476694131088842 3.775231564267481e+30
-22252510467832640 1681213361466025 2.3950254794795338e+30
12400088893974752 -32477493279029316 3.2800618093262605e+30
-19154639590916176 5042222435049316 3.134666366683069e+30
54296595310165152 -15387609152351460 1.007775545533469e+30
82597519821459952 1.1584353965299635e+17 3.9102126303907695e+30
28006384025699264 16414977954808848 3.0069438480971178e+30
40884993522381744 -42182957360500704 1.4094407989001399e+30
13987725733806724 -3445823427404812.5 2.7991236343577753e+30
-41949776599033872 53825847173701128 3.6435569924558804e+30
-22405685080712932 -5694253036991910 3.325438578700045e+30
-76687774963766800 -29955780608482684 3.8664224971447691e+30
27544597701801132 -7029840267141232 2.1029582735122169e+30
-6155539923901071 25453503095577080 2.7037002487118748e+30
16500394761734288 5426867019545807 6.9891937978469198e+29
24498962901550384 -20237122275788808 1.9650648669100898e+30
67041688366736384 -1.2738936849724701e+17 1.6518444794261774e+30
-95888164897229216 1.0354261539232478e+17 7.7950568683311359e+28
21778294664875564 -13834968832956156 3.4116082561877581e+30
20593268509495800 -45272160612638416 1.3312598036597044e+30
30571690929456556 62417032044127600 4.2866121340712636e+29
26459092002935948 67716807056488704 1.9407649070769969e+29
-31604798195872648 -25351464486300492 3.7133383141595373e+30
-15529811828146816 716895699137508.5 3.8497928378450815e+29
-32489837877185612 22824641196654040 2.9758021067822752e+30
22887302463037080 77044576532269552 4.6868418904347493e+29
51415898355076016 42918139013192608 1.748249721129687e+30
-725989911797832.38 -17000078826163642 1.5090024772548938e+30
-6984021369307603 46318406257748152 2.7272438989603425e+30
-20669129422049344 61724969528036232 2.4540283945626974e+30
-2445145670793534 16743515473327002 2.1661053588537051e+30
30594707200924872 -78974677613778224 3.3516583617607859e+30
62767657472302568 47831387929566640 3.9479945555108184e+30
34913362319178928 -36496747211716464 7.6025420331789036e+28
-8777157716475591 -38725577247426384 3.1791479999839219e+30
-35968340146644548 6602770489854734 1.306789397528474e+29
-35102285279128116 37622401678516584 2.5877707849632399e+30
-14244544955492486 3366385531543710 3.6904735253286906e+30
56866148101130872 -37747091072789896 1.5873228957064838e+30
16453064904208456 -23719214047812404 9.0933294754077439e+29
-37034067789702184 -28709867594621000 1.9810424794163389e+30
6483779986126625 40568828911925088 1.5493388673837216e+30
21423357242230512 1174278674333911.5 3.1803279118964882e+30
16031406809555894 -1635976632286437.5 1.4649420337308037e+30
-78714473950159552 42604172611427280 2.2340730810342202e+30
-39666875977058008 -24985982305509884 1.0112347593777511e+30
31453496849746192 -84007373191244720 1.8228806407193283e+30
-71434907190161808 -93277102309920048 6.5187027926256762e+29
-97588409332205696 -53510747256865544 1.0441975872425696e+30
6678276885925960 -25504782032560560 3.7699113650766991e+30
-7465384872485651 -21002149365319584 3.4808416467878319e+30
-7695473118542978 -21132455973278772 3.3750757088537358e+30
-3981137010099146 55532112280141384 3.6354327031477696e+30
-35315276035029748 75863312264963488 9.3347640393989605e+29
23402902244480684 -17228089366755976 4.3950383447324763e+29
36571807827467464 9927415326911106 3.0138405957895124e+30
3667686231210930.5 -67528633725961104 9.9876642871657685e+29
29173517015983224 7613766171619404 1.9902715729458728e+29
-17131063615516412 -4878131269103721 3.7079724134324299e+30
18299128887220108 -94773227176227024 2.7285082868514558e+30
-8303855726613303 50853269597823488 2.0259302534624931e+29
6050418989245142 31961009804013140 1.1198322088923364e+30
-27201468862934780 -47325722165690216 2.6676335860116545e+29
62108487459597416 -25752943867989116 3.8389272320555828e+30
62310842966382040 88058689949527360 2.1047998060544188e+30
5098221999265846 37463859436511840 3.5439164131559756e+30
8725708584752828 -8728695244073614 1.4556655710240473e+30
-12144124889053490 -23349750715948984 2.564558907581113e+30
46414262793870520 707710150666170.75 3.4716061973996983e+30
37269849400018624 -1290080047398923.5 3.727078606019233e+30
-16375387139722460 27627667727301216 2.7821642840643109e+30
81085477789626864 -61386357697928288 2.4758852995418852e+30
3370626335641510.5 -13431885736079052 1.0555206220109257e+30
39528435447335824 5768128458059388 3.7711631295061393e+30
-1.1227899058173547e+17 49346659801517720 1.3550117103163414e+30
32035618704916944 7663755113306907 3.5468611170731746e+29
78116053645282128 -64426965354472560 1.8101162990826049e+30
-33450167830006256 -39434115829117608 1.4272775323975786e+29
74413749707917248 -1.277894227457919e+17 2.1663640702069939e+30
9663000622678532 6782752290606556 1.6742673271218085e+30
-45105880098954416 24479451872940888 1.8343145797414633e+30
45632490053055608 92401891657705328 5.7692256228532778e+29
40821445699585944 -14265981075081474 1.6914650391027415e+30
10286709619298196 -7234362455761698 1.824235698450517e+29
28784943986328980 18275911693113628 7.377619422120315e+29
-53815741353069024 -171108400233788.66 1.5437916422885192e+29
-25209025713829212 -18860510730225632 1.1417502458721569e+30
14447388932507440 -2949179041870306 1.9095533749558809e+30
17994743528727312 1107921972309336.8 3.3647481086752182e+30
-46673771707749496 -26637400152962460 3.5729003094504499e+30
-15747299145152892 50799685280620056 8.7463049655309697e+29
-4020276650417357.5 22799670661375680 4.2097744534590564e+29
-3644893391500405.5 -29331131092003232 2.1735357572338215e+29
-30918070683197428 71015466632283448 2.9543497993302411e+29
-36177129355188032 20468766229600136 2.0692793360481213e+30
52677670697504888 40396533591994112 2.6518593342492516e+30
-12768917965719052 4171325373010000.5 3.0959603561276628e+30
-29739441371443808 -37127141395873224 3.53292439539102e+30
-29463752977624676 18348552435528272 2.9794803953024489e+30
-21109682625469200 -8986927633587557 3.0556880095220116e+30
-34238883229903684 -44180840750313648 1.9571518418591007e+30
14619876363406134 -3067257160151534.5 2.0218527801923657e+29
617361208513821.62 32363892655843832 2.1322637769597896e+30
-72703856772721232 77093425250086608 3.6113432973788576e+29
-978547601316812.12 55839881220189312 8.0067041008810297e+29
92445424467005360 -81890119230403664 2.5039247375797428e+30
31521354634908588 -2693761370329072 1.2425217087962659e+30
60224553788124056 12326509191016790 2.725345499212215e+30
-25111946207232244 25231198033589904 7.4155416271297186e+29
2349255577463785 45253293445545464 1.0289958647027686e+30
33046330335435948 -64903824715772400 1.9220599531171357e+28
14089756649193274 58968243692897104 5.9624479897088423e+29
-41080486259439584 4263286145728964.5 3.8724498410242584e+30
-59492233107537384 -83807405633001984 1.2467522086039154e+30
23239679081551420 -15541486423873614 5.2830277421042721e+29
81972273185957184 49206876796393176 3.4173799197183489e+30
-11614984024879480 37334340534291912 2.6078544558859044e+30
-13335135201030914 -57555896737362760 2.0114880040053338e+29
-35626529082092284 -24199940062434672 3.0481009334832724e+29
-20198122758372864 -17642852635624508 2.2140090209423197e+30
-94840762034835744 75624456207471568 1.0186266800156208e+30
-10716862492878750 -74174353661916672 2.966264833632958e+30
-57266495250240176 -18799859609112044 1.9371992770890236e+30
25197449939229484 11122092498072524 6.5038929596073046e+29
-4341591086386318 24960252492184980 3.7696631217391038e+30
35433504697585372 -69674363519818376 3.8962269800695582e+30
43037163091779616 -1.1444473426060379e+17 2.397099632242212e+30
-55599036366343568 -92354747332830896 2.3102642898408846e+30
-58240666451004792 -43691715041748144 2.7091152291679517e+30
38415311656012256 45390228411339864 2.1811168679471391e+30
-25781851767248000 -5005720892459975 3.7843130834881408e+30
-17952992869043554 -2625603548147637 1.93100162919173e+30
-29933532905943072 -51227145212856256 2.0803682856082486e+30
13703852832026350 26667448947562268 1.6950624505613641e+30
-41676835884729568 30041890621613568 1.6878445127976893e+30
-77793037596449392 75349561515903280 3.4263898288768526e+30
-10446590997273000 6852653455503035 3.3791482491718672e+30
-16604173763109436 3674193541846324.5 3.0845596331149862e+30
41617289702883472 -15997635392892328 3.08065636120933e+29
-1031130154153857.9 39285325592225848 1.7794062137078913e+30
11849239901884298 18824854592773064 5.4753802017142382e+29
-18665320428123320 -3680165716611329 3.2142786276902028e+30
-23848239752497200 25211187882149704 3.0335865033693248e+30
-25032354684882440 66596570290837136 2.9800097823614142e+30
20751267061344920 24352701951346036 1.4213846818410229e+29
45576726214018648 -11251411980210616 2.7064471992446948e+30
-10432843193113732 -12050425077393296 7.2995646146151555e+29
-40144831585792448 47563365158542488 2.5227774713121589e+28
-60749444781743368 2736754050624764.5 1.6401358624500355e+30
78006591220309776 -62874531035744408 3.7633113325685644e+30
-13597665158203370 -8821461787931668 2.3962963062779197e+30
23378571389213552 61013862680530304 4.7901268444481368e+29
-10753987910613280 33464202051881336 1.7458554626803345e+30
18081121918789932 6227898363084603 7.9486387929416616e+28
89770311414673088 -52738255487974752 9.8098814081260775e+29
48856631366544088 -23545931647181712 3.1260661414255306e+30
8395151657122102 27849915651839656 2.1554911130913895e+30
69107485795985416 -36661890221280096 3.8886916223331715e+29
-1.1873691153371776e+17 78770110988588128 2.5613946037271398e+30
-5324897693633680 16341877393837602 2.7370638301934367e+30
86190275921157056 -85264186297202176 3.7386926030339496e+30
-18911994238726728 585685187769985.62 2.9328347272971005e+30
-44514983921463560 -46444220548711840 3.8732272851091863e+30
34549229371284328 9515860926771034 1.7854298805833158e+30
36990047738333728 -12310757772737488 2.1346952338343935e+29
13399825972275552 4379202318391774.5 7.2951877041819777e+28
52266826757827928 -99834247495734592 1.9525258779799128e+30
-43558010943902208 26035964573611528 7.4962182235376949e+29
4129119453048478.5 -26096873513870920 1.1643686016890877e+30
9145088498231376 -8332932181332804 5.6300706359332465e+29
14522893861000368 -29218492477223388 1.2614354972235013e+30
67406803737583016 11039904471142984 4.3518794358619438e+29
-17015172467066134 16467967601169324 1.3355631590043605e+30
-22769318523910068 2418858409296944.5 7.189598169652919e+29
90591415598511728 26027268187101904 1.53906832378654e+30
38491972976964008 -44483167648235200 3.2598370243506072e+30
-38385412839266040 -58087372412334200 3.7699054692878921e+30
-82824992187762032 -97251106590749632 1.7794312602576697e+29
10450264680377730 -39920016546543608 1.9664590406692725e+30
-1996957730324144 -17516261228083518 2.5166029888444562e+30
-5357224144166598 12164541675005852 1.3942488116685303e+30
-11986098141879194 50799229429831992 3.4149546675353058e+30
-19453602948170008 -2050443303278501.8 1.3932995903845416e+30
-40158138101811512 79030853089325312 3.4086742873669819e+30
-34230594236206240 54900535884617608 1.0691558672882767e+30
-10523000246981660 -48639977674342096 3.4970342400977146e+30
8311831101761025 4327816028413354.5 3.8790647075853032e+30
22779553541097304 7392613017950504 8.017348988129358e+29
-11165678127499086 -11325801992173842 1.9610940433584903e+30
4341011294249992 16146763046699678 2.0685186424983944e+30
53654693682281320 95335163456337216 1.012753328003665e+30
-33306178057263684 -64706914069845888 1.5994890058299442e+30
-60120300856152488 23016963105255348 1.5620264672259258e+30
-16810080645162404 -5253015253832043 2.8842179634581599e+30
-49359516484607352 24674199426318208 2.9171558628754687e+30
53313144787293912 93894347965072880 1.2588449528914209e+29
2763664660064302 29294229503742812 3.560101511245521e+30
23311231879062520 70372621486895648 3.0800314581364184e+30
-27984683552675892 11407990291611394 3.2628615844516396e+30
-23984100734397676 -13737897417975762 2.7946128231400644e+30
-24627501835081936 53682225274678576 3.4936041301512986e+30
10783112607188830 1516259576676991 7.4282414313811449e+28
-10707939052048486 6559848583675381 2.2551597248005356e+30
-47373741187216960 -15507492791827186 1.5502203884457542e+30
17905454549787298 31393377521316244 2.3101023512584751e+30
70166709894227224 -1.0067370548640726e+17 4.3572201886286377e+29
-2225238868459170.5 47901591121201208 1.1206237149938489e+30
-10874086017701400 -55337311943799888 3.6722780105674663e+30
-30405315893485980 54986949149083800 2.2782468935425734e+30
-90315286908108528 -47165679886719400 9.6425458450627028e+28
7858759999721356 -27785210137542768 3.9004786317168443e+30
-7320438171820278 10198429239658540 6.99288862586682e+29
3825670742167927 35834332619561416 4.9293074889618518e+29
-83923017300526800 -53545318046359120 3.7190693929242309e+30
25168886866542312 -23391102392872128 5.7130759431644473e+29
8642228860448192 5368159885676102 1.5452138111485724e+30
12453369972982832 74239683101593872 1.1348780113977812e+30
1.163003907975252e+17 1.0158207061823584e+17 3.5143497338382544e+30
24947464085957112 19590270960978748 1.7837644996845214e+30
-78219270352598128 12542234325964330 2.7564937640762055e+30
-47907168138635424 32154577607158184 1.5053554279869034e+30
-59030327933668120 83720988142345440 8.3789945312686037e+29
-32213950646577368 -90604729835694288 2.6269388489946943e+30
-47499692102132928 -11485351716716186 3.6651614323362399e+30
91142813289037696 -55388435663465240 1.9812503554349874e+30
24927578557815104 9601856561720078 1.3488921286754874e+29
-35653674464455416 -15804215528406694 6.4798803047787432e+29
72083770677553664 883778632479283.5 1.1025704699888604e+30
-6311581912827731 -37107116142341520 5.2001085957092229e+29
3288720521380375.5 9174779820556848 3.2906533903116087e+30
-1.0280214804758074e+17 -86773914099341712 2.4384774292370874e+30
3253235292169427.5 19724884406997816 2.9730393720420932e+30
1.0748537417065862e+17 1.2121218690764712e+17 3.5266952391403609e+30
52165713034498808 -88388722180963184 3.2289141402647048e+30
-8052459235541587 25095912605136028 3.4344426509737139e+30
38931792325293904 -4417441191518725 2.0444974060018808e+28
741352110143252 17689131777905086 1.1333307328003808e+30
90844558947667568 -84835136713574192 3.5564931585463043e+30
-1870993533471019.5 34282236551450884 1.6274389554251139e+30
75839652396355616 -43537782673102680 7.1574753600629238e+29
8922801869687241 -32638240593227692 3.7096015309303663e+30
602073963425762.62 -21474524416630684 5.2757422518153519e+29
-70217099373061192 -20812692543979136 3.6621599405571347e+30
40728939795641200 31465327104269800 3.8849092748161048e+30
57550024387947824 91455278628349696 3.9115560686327455e+30
2378251641027507.5 -14234270900591742 3.8722127781045715e+30
2356533587339022 -43486255732671496 1.2707763918228367e+30
-10050528461434502 -61033846084069280 8.6433108331926113e+29
-29047761992948476 -44067292511606480 2.9166721511336144e+30
8895754515273212 23793724483219716 9.6030262285905027e+29
-1.0092589781185774e+17 69064566420875616 2.0140352447017834e+30
-14518144876671070 -69259626908874936 3.8521715006327828e+30
26646260548498980 -43388966443791736 2.6714076332389164e+29
-23233255289976988 3096574946770376 1.7766695643754174e+29
-16031266863746934 -24710532564571572 1.0114850231924716e+29
-36781936173049928 -7280753054704380 1.957715598778447e+30
-12658304393856334 31364340457317816 3.202912500391989e+30
-39841405386543240 24058311395953596 2.0417211686043215e+30
19682190527902644 11139050746556046 2.5324860307639327e+30
53056084421038536 -4638350477827801 3.6332155811226231e+30
30760890980397656 -26044250892987860 2.3544884640317274e+30
-46077176606150800 9100780410565276 2.4137846118002238e+30
73532352948778064 -40114008796997856 1.6881267822984402e+30
-32469741067853172 -18600074039623536 1.3652102753600016e+30
-14149927945291026 -20540790922175320 3.1762824075222695e+30
3491064128851712.5 31353764820816904 3.5209936128868619e+30
-13749007009307490 50155115665619752 3.8700985105234936e+30
14102519020035722 -2415941145921190 2.6788750778407474e+29
-320808773544195.69 -82456031154270176 3.0760543186504178e+30
14652087582959540 -12444934241136276 1.6507411400243809e+30
4166576508740162 -12772891030480968 2.7814631232973101e+30
7682745191770640 -95889130230968624 2.9897907913852774e+30
-57150430504324560 -29668703573995444 3.6255354103396963e+30
12367236178208280 -28403198696684220 6.4252555148502603e+29
-38085612943465736 -54166818402399464 8.0258447598682462e+29
35837747698753220 14599110659050108 2.8653151861650835e+30
-1.0385628875919571e+17 33505791292433732 9.2795440717175345e+28
-15676442968792632 -24614391823343152 2.6447450280956976e+30
-71521815410869912 -18170294479991320 1.0580241888190529e+29
23120159302844276 -36308109105522744 3.4665948453906123e+30
14035003436207916 -2331787139130729.5 3.4584257596012022e+30
-33595807667494496 -15191068299613240 5.7836173173342591e+29
-31785186260353128 52789880506327344 6.3322080550718149e+29
-76421820225452800 4715707564790430 3.8609128249813757e+30
-20337195174908824 66235593345987608 1.5628015300107922e+30
10060697117403536 9465173367673508 1.9899387023261941e+30
51179781461249832 -9143096473388520 3.8998417185967417e+30
-12732840414316830 -9730127724985398 8.1679720305768547e+29
1.0615462498627389e+17 50778550821052120 1.1040341610621067e+30
13522255062119020 64879191094574776 8.6124326056575505e+29
-81074180526927376 -64112705712334112 2.7098510323875404e+30
-19799798916552212 -5446428658827731 1.1544926666966959e+30
46618734369107672 -1.1209979183399707e+17 1.4975795575604227e+30
11404697527331010 38870306919676136 2.9166669445915837e+30
-5778849585880313 -33977036698366440 8.4402606072692874e+29
6769987957640005 -18882200594919852 1.2874264815574397e+30
43203583218396200 -12269953806372976 3.8201316885670242e+30
-13438615953225038 29991174797321208 3.9095721183536716e+30
-30645706880675332 61521807446249760 3.8138935255837728e+30
22770537158633060 -7902776850401938 2.333938911630036e+29
27148636722743028 -11822289380736054 3.7710474587339602e+30
-92880307847198176 47327237414079232 3.5889359878993472e+30
601815393457017.88 25456234047601316 1.5707405240514217e+29
-66758194635614024 33536682104608360 3.1474176878679642e+30
-984830948551645 54297775150131432 6.0065001393298042e+29
-10505091745987008 -39659356144946168 1.0204064460284202e+30
10121735341965468 -7395062194875825 1.3955641211748586e+30
-11684655574080366 -34980016349658096 2.3190349953820296e+30
-74449841872669648 39341957339544864 3.8245408893904406e+30
-70242727298668312 93221060416484288 1.588075721244481e+29
-28463214165473960 -436149427581458.56 1.6633034233441922e+30
6383542212456976 -56261029002035520 3.8628100538506973e+30
-12406997126043460 10650432103768158 2.6519618980754013e+30
4672877335174905 -33858263159719208 3.550949607986766e+30
-13942183290744978 2742563510791498 2.8623293240579008e+30
43629194443214128 -15995749039895790 3.5964373529329719e+30
8629803735747874 41335375223172552 5.4779376036805782e+29
4405916131120599 -80781533656485968 2.7243150684267316e+30
-17686182679954940 -4221134870680411 4.6000921656077823e+29
30785831965493780 -19652267540363096 2.6871509010088359e+30
-6523557315907281 -20454223233994040 3.3706254315865595e+30
55928330966632000 -1.1064576484564944e+17 3.6302456942369142e+30
-20320098193371260 -25221532720528112 3.0846643474710126e+30
-13487253475875350 -22674562627848152 2.7398991730998059e+30
55401534455947400 -26290393030157260 2.2554022848801728e+30
-18847376335723356 -3955993377718452 2.7414225713692559e+30
-17688585773470990 -4218266325544268.5 3.6087203327789586e+30
-40511153502114200 -79074611005581792 4.1129544426467221e+29
-19392827198441048 -53755102084952832 3.0883550922350616e+30
-7967187906505882 18214401550529644 3.4101820707128175e+30
-30845796926067824 -11696142886777414 2.2789988728299543e+30
-20841676303456108 -25169505026096636 2.886709300258244e+30
60333821811174528 82167534153890080 1.9055468011980221e+30
1129582047599797.5 -36987797101418592 3.4274215981861907e+30
3438689476311201.5 20912007397776460 5.6852225793009991e+27
-36536305340099552 70295534012713672 3.2010309278410557e+30
-2274426336758916.5 15062838233047686 1.2823650484379534e+30
-54842372564501672 2060392995656228.2 2.7797966561615839e+30
-18834151330018244 -12865994134072980 1.3043195830798431e+30
8734240903881643 30994356848878156 6.0456780017945874e+29
-61965605477980464 -18061258617151280 1.4301868659797915e+30
22097238463207168 706084034107987.12 3.4208310138593549e+30
-9559164150854186 19265580089217980 3.2345105373288782e+30
10018506129761044 -27839608438509688 1.1716937625735165e+28
10157980681679338 15950489997209146 1.9102523508257837e+29
-48323786178379360 59886080959301272 6.9624610847943425e+29
-36891400043028248 -7473354375010626 4.1665333679046915e+29
1.2052930007305944e+17 74626412736469872 1.5154951695862744e+30
3334589784636301 30306283218351128 3.2175728186547545e+30
2353251111059309 -14254209782731294 7.5780910706549755e+29
-46845805619131168 -64636739734261792 2.7771866945060512e+29
56049786634915784 13222596288168056 3.3152425679448473e+30
45990414162341120 42022859504926984 3.2230999640150189e+30
-5280933643721271 29380828655562584 1.2735367134867638e+30
-66378557416306032 -55397107671937096 3.5076245258063088e+30
720181634119001.25 27424260546454292 3.0463729484252132e+30
-12483463434577934 -9988359938009882 5.426561052034545e+29
-22846757686183844 2530924520263079 3.8799135301532018e+29
-6004493576336495 -34859097034793780 2.8904571577467117e+30
15629222652816354 -1643233802211955 3.8286836283350316e+29
13339772790563676 26471053433083272 1.2112953019138413e+30
3583301050513531.5 -13257151447846734 3.1684625724985476e+30
65236754250737744 44760461212523784 2.3580967769748706e+30
-30081086257930996 18056730955525116 7.4800656581247597e+29
55536800943175032 94430605553815072 6.8756423205806896e+29
-9101138264215444 -13333568494355462 1.9471443158046887e+30
-445384058355453.44 43042186230152824 6.7174925087203301e+29
35713635855647724 2677233239983698 5.9978375547658186e+29
-9496875168271438 24494955659128644 3.2701600889945356e+30
5188030159235342 -11906976415222612 4.2263664475407698e+29
-10620380542992726 47303591336731880 3.8771699560309985e+29
35535639560217224 23865221678197308 4.6555858482205245e+29
-32913368853392248 12212980844989190 6.1001528053812706e+29
23184301531456552 -18175487738487308 2.7197733266004672e+30
3924327575971015.5 8580469036354924 2.816120570448067e+29
-9109864961601380 42345687161568672 3.7249779919936772e+30
12085116477490062 -41277015652382288 2.6148825655543347e+29
-28043446386715240 -17836965910915356 3.7851083629201253e+30
-26038848463114500 -119713911844232.28 3.5061490929573527e+30
10029667645408146 57681728726209328 4.6886736104361898e+29
85787856979737472 35068935342208848 1.7561373180754257e+30
78539973237027760 -37668868763952920 1.2134024081396012e+30
-69880633915991448 -21682794527238928 2.5991673563218742e+30
4886677677376494 -24407341863021380 1.5885526680505974e+29
-1.1418460325719298e+17 53355904800241352 2.8882713532744437e+30
-15355491314057382 -6908501109557278 1.6230449077713175e+30
880053526011641 -21677399116351396 2.7657204928608126e+30
83388739295131824 1.0434191641217477e+17 1.0533770580927949e+30
30612434027815092 661024331566943 2.275369102467321e+30
38918085461300840 88878214054518688 2.5435962951062669e+30
-5273959209385744 16304251826635972 2.6698141740641868e+30
27199820953197900 -25432118274448348 2.7077925922999578e+30
4890082258591729 40640250574620056 3.0511329314046099e+30
-57083313848668504 -27525421826535600 3.1253128848871069e+30
-5244173922133661 -59229679357160240 2.7768097229930279e+30
-75846130799663392 -25457620744772804 3.9222166756815464e+30
41292938604568144 17492168825742310 1.8730551976958641e+30
23097568018079228 81325611964023376 2.5817191057702352e+30
-35557028249425860 13196363417416346 3.2574304146045405e+30
-26558931444241840 35526160938478496 2.1084366662401029e+30
805018919595697.62 11408635453502180 1.5194243936673102e+30
43646215223970368 -11147880166499042 1.4219259915984791e+30
2083859063227683.5 -28907370875930976 1.3792297909677497e+30
-14379161767033606 -35705269624518464 1.600370219459798e+30
-4745165375484932 -19358326811302108 3.1599818144990978e+30
-9841800407514056 7522108615788903 1.103383475118262e+30
-19247563410472512 -30032262486230980 1.0971071039666952e+30
68605538767730768 -32105205280219284 1.5361048260061999e+30
-31531395826964408 -1475742374579965.5 3.0487153006921788e+30
-64637096866703616 -9990082033228844 3.0357009078625815e+29
-11680186207189434 -23147694351112132 1.1227387548248766e+30
10318813005778674 -7203013486811174 3.2108086037717039e+30
1.0895473478497766e+17 73575021356237824 3.8464918765559406e+30
-50352865031884576 82004410106970256 1.1050256698974843e+29
18840158962710384 30035015516756400 3.4323796935908773e+30
65812372351004808 -29624558725313824 1.0095906334134284e+30
-40756831968760336 -68252792216812680 2.7164632020228405e+30
21289141591762172 740399566093485.75 4.9354602526721954e+29
-19906455651402056 -5618773739543952 3.5740398690060043e+30
-17762254523299070 44257760472155896 1.6205385573751197e+30
-10122401625340926 -41301491135670072 3.7838073122605952e+29
-57023608755387744 -6293978440751182 1.0921883826930272e+30
73999757032573856 47474318336658072 1.8586213480868193e+30
19519645240861556 51270932114041488 1.6125837219614187e+30
-73771078361478272 24661055821332240 1.6417414912668246e+30
7774162420649477 23041909796221856 2.9539135770316545e+30
-50587000075012408 75605695015403056 3.1824866902570499e+30
84328165162087632 42678995621688032 1.0165389485070885e+30
-1.0009177974872642e+17 25056754078353440 3.5295559388333402e+30
-63159292409342552 14077151862562284 2.4831353072303509e+30
4271266954606922 -50799643241788048 2.0793562265198584e+30
67249033467534456 9431685785591106 3.4157590381281319e+30
98620326819141696 42647075763337752 3.568360979320864e+29
-52235147018600936 -15339166237809268 1.2997886162742004e+30
-57853985963007360 90102738750877584 2.765421356193169e+30
-22896444096687496 -34598795620239848 8.8866611773969404e+28
98259686438636080 -1.1100964075474414e+17 1.50442534552023e+30
21047006519324108 -11431371237514070 3.2557449947495074e+30
-15753724928754784 -72816387012229680 3.1327056575006978e+30
-60874591175345616 -18566002617403560 3.6689380563665271e+30
7565243498620215 22898666542652488 1.9105996217704201e+29
-17229919760397910 -15454836515734392 5.5618581385930061e+29
3160265765405123.5 9293748957908814 3.7783420321335419e+30
76540616599342912 1.1795016327655226e+17 1.6669207975243093e+30
48591769759087392 73758262921735904 2.741842477340171e+30
-3678360747450858.5 -46320929944512392 1.466860716742213e+30
30370464707818368 -10907921656396080 3.2405271772927627e+30
-29393144924045700 -14105233317072942 2.8476466068419472e+30
-66565495831980976 -68567888223810632 3.5904998264450872e+30
-69887121233603432 15197557182459.578 5.8516286934024333e+29
36495242694174464 -33118600229964648 3.545491237614485e+30
54609494251421672 27499378825616152 1.3101247620473916e+29
-68170160768175856 -22990873295918892 2.3322965692974272e+30
-7599833270558473 -22573111028950676 3.3087332029517117e+30
-23212526842168572 40908641478837496 1.0684618080288599e+30
-16663714200489612 -5422774734750011 3.9402866779901639e+30
-63168830099365792 -42343156912961400 3.0844499960664201e+30
34970860522830748 -29865809218623208 3.6771893612323691e+30
85977879081091792 -88770800877614272 1.5434975553726905e+30
5195097169122947 52483391881183872 3.7545144248198922e+30
-18794449189238800 -3090195480386802 9.9996966636772111e+29
44215469061088856 37945837179636760 6.475904257086655e+29
-39756015372019840 -24886140041298792 3.7509119711868848e+30
44780442655981032 32975223729375688 9.6403300551194635e+29
31205594699661068 20462254919140656 3.4478272828706899e+30
26176154282408232 30068221630510316 3.1172937784574458e+30
27030632444587928 -27505416124378584 3.8205037022884126e+30
-12856465227557856 22794182550757756 2.1807825350219521e+28
25194162992756524 -25594944089974096 3.0193687757324784e+30
65817022593354160 1.0589268427480414e+17 1.3734656327033274e+30
-6629952251231862 -30838643741277704 4.5455198714343529e+29
-1625491294400901.8 -58030446446703664 3.735569338931439e+30
22850635683591292 59852557810012776 1.9954293500243889e+30
25587046680062664 -64484008271781352 2.7790819550252267e+29
-1.1059255151817954e+17 45209678377088536 3.4466566531330759e+30
64720645018895344 10278272407254494 3.4648418312586086e+30
-45776304155323224 -69361983062734672 1.662869817506878e+30
-5260415638075243 -33101523651807760 2.2089162061924915e+29
-2222533884016851.8 15109741387242748 1.233605269025668e+30
75781823599613808 13257071395819636 2.9290545873529916e+30
36309628492366536 58749047460318440 1.7018787677706423e+30
2684616119084833 68214858036353160 2.6749432711405834e+30
-38234203991628216 -44698065956285424 2.5520616792117432e+30
-1419219588689902 -19948404057354156 3.4425197255945419e+30
72573196013744944 25268174825701780 1.556172463498357e+30
25319852750719204 -79607853970539504 1.7358181072162348e+30
63447604272380080 -37873727024104656 1.1819708024998616e+30
11578703984207058 25470199571802144 7.8759479940454837e+28
1556825803921849.5 -14882307236921888 3.8987033049122295e+30
14192550960772142 -2180610271377249 3.0101804096516251e+30
-60155969564654608 -35861720137573256 9.7691693246352699e+29
-16642946559007024 32237478929244892 3.7944165946742984e+30
-71780111240106112 -83602738775947408 6.5589973709667159e+29
-20454116137363916 -38536553162541712 7.5386425331253896e+29
14459530270889538 81282086565810016 4.733825036722009e+29
-39010368332896016 62765382127680232 6.1176000568310526e+29
-38167316921988040 -46228023038024104 2.5061605102353709e+30
-20648259510780740 -18087758102866596 6.2574901759632312e+29
-1856183347422728.5 44824678974472272 2.7650960970437708e+30
6456007466311488 -25373008896491764 5.6557618914153664e+28
-66897673362696240 80530507285001696 2.0168161136004461e+30
32067992429297068 10020432075854762 2.0289335277073613e+29
-23525392017712644 -34166686882450212 2.2779217887149896e+30
-32094799507406736 -88661412557269648 3.9872400338148072e+29
-11574918231367424 -10915264239248614 2.7704273122848141e+30
11984678963624828 33705755218790212 9.7145945731406569e+29
-36772908506359904 -40490462515840472 9.9817309467446437e+29
28750118758069736 -36471034550121776 1.8812369586011769e+30
-36142199450435536 3452643168592164.5 1.7500215504734418e+30
4280654833486019 -24980157181577468 6.7091997007103296e+29
11421035459476158 32471087223748464 3.3780917707142969e+30
27940178162404892 -20943392813603812 1.8109225845190195e+30
-70127677199023344 -22678930843761736 2.4674399162752749e+30
-12596575478378300 -61683352237954208 3.7068384373174005e+30
33799966859509116 88389713242099680 6.3844366750550627e+29
-45791000677451784 51812430272617360 9.6085058082272545e+29
37550886780072912 6539983983243995 2.6694626428136956e+30
-12521410895795138 21057289959316196 3.4784321554430877e+30
-10045236065383520 43552616072044264 2.4332487794608936e+30
15510346247031278 -1776543960010350.5 3.5589254441956921e+30
-1565228424406854.8 24392053586843144 3.8551903026661887e+30
-51468846325034264 -17026037260051264 2.8227291855794231e+30
-52288397861935904 19972620190985316 6.1824514294641314e+29
2912376300194870 47433259837361936 2.4740291585872295e+30
48229197765810752 -1.165976453363589e+17 3.0872224347658493e+30
31154301605327236 -20536328118482512 2.072684208903398e+30
2969569070181763.5 16544139025322696 1.0491244581433815e+30
1200567271199860 -45735842527842712 1.5548253498910167e+30
19228281294131736 85707071850878416 2.4384854077281561e+30
10505246328888508 24820648238316348 3.3515304936319559e+29
-1.0088362377958104e+17 32015958983091328 2.8470725628751881e+30
-21605651027367568 -35404559448236584 9.1620710013614158e+29
47977935781849864 5145725111089937 1.8511790989677298e+30
72244710296968976 12638837277127232 2.7627367482958627e+30
30001185098988364 22503650053782568 2.575048693926484e+30
29882454689770280 21887806422801764 1.6965137356198895e+30
-16631549057100314 3176966073328892 2.2458843632926454e+30
45867485005210992 -22081184038454176 2.5420709520693595e+30
74547772457455408 17527377701777820 1.1117418926680762e+30
15560202235331512 30658980724732120 1.7014057929320371e+30
52233223373307552 58344318196029744 3.7760402297925063e+30
53703231548423688 82509810253154624 3.0152985902815675e+30
36281536002959704 53679794109017456 3.581675716532532e+30
58577937605348568 43924817754844760 7.5736877930111996e+28
-8116704190454229 18315640050789448 4.6582081208916226e+29
32019635672037716 8223548470153824 2.8941631583479657e+30
-70167217500472344 -58977678393577936 3.2731233574297669e+30
57210816962072136 -17065264410811164 3.2692430452190259e+30
62598405904905232 1.1673822000214459e+17 2.2812168550243259e+30
-10475904136984040 6819919073723079 2.4655946852122701e+30
-20699032887085576 29115139009040792 2.7726959070235213e+30
27736679430430252 15829633313232530 3.1282427848433906e+30
12994269477156458 26281270912641696 6.3293505820998141e+29
59840982071133968 -69978407573263296 5.5285350497078592e+28
-5013077456057718 16110658993216236 2.6658668441098369e+30
13660179290518926 26644086856105640 8.92486434584014e+29
-25829901102570772 -41635325027894720 2.6228135734602678e+30
4688591871991620 25448310333217032 1.5285095150823673e+30
12660358501806108 -28524603282447760 2.3600581272408146e+30
33001382464909684 -1467489199490543 1.927580824575705e+30
-9010048703500970 44309363217340592 1.61925973548503e+30
16164524867478674 -48338496950837640 3.829682227518536e+29
15134633490915776 -29414457312878704 3.336597899188658e+30
-29864146173032532 16843372414489778 3.180642306040038e+30
19612712662319224 29261829588678508 1.7173832375796134e+30
60699241984525880 -47396351662443472 1.0419751092696806e+30
10096609930188712 -7419478314870051 3.8995953087382631e+30
-35460243660353188 -2880142802508881 2.3344570999862587e+30
31369898819191264 6036122170329388 6.5790492713465861e+29
29498542423519400 -42885969006617760 3.7756711970599781e+30
7435040759690509 -9921032443303116 5.690737304223528e+28
1.06716559765652e+17 47109694974884984 7.4094048228244133e+29
29411220322915220 47213745066944072 3.6606313226360464e+30
2675028205193612.5 -22945915243080084 2.0046053748543585e+30
-21942760010726396 18247565473319708 1.6936574866060007e+30
20359856622671860 -7537046011923075 3.0967646603179489e+30
-66479704584402392 -17700400388108544 6.482691010282774e+29
-1.0029671117015486e+17 95834085355461056 1.5744984783821922e+30
-15849961038604218 294069472531600.25 1.0538925393093168e+30
-1.2142000754585523e+17 50083110787338456 8.0743012263783306e+29
32022158324431568 16127421941670762 2.8962966545179608e+30
-23095724958329456 -11563532106580634 1.2087138972875566e+30
72229952970252672 99103737716139360 9.4889200815041661e+29
94717552546534976 -84391688083548592 3.0895258131693538e+30
-15770940564851012 398913372937620.31 3.6406470767378284e+30
-85953660322765040 -6144454728475825 3.4589886579900235e+30
68598111781709136 -22702343771161628 3.6249901696070527e+30
-12025564105723442 15853327780553928 1.659535435489182e+30
-6645273175818417 19911257375886272 3.5667884265127768e+29
21708301025885692 -13703513564238078 2.5654495198039867e+30
2869826555069069 -56847190472731368 3.9676096842482584e+30
17841434298144654 63358770113074208 2.2004738483277933e+30
58817578917355192 21480719834664784 3.3039055394147709e+30
-44671171276285008 -43321226722187456 2.203203025213617e+30
4839727406507064 -60437947392671432 3.9413099871764025e+30
-1.0969654987718347e+17 41416680497732664 9.3434138329292515e+29
-1302518958318707.2 -36225059822683224 1.6013526450687138e+30
-33634052438953476 67067551704248768 1.5473437532873742e+30
24577706485368276 30200639295419576 9.9203775806374027e+29
95438659590788272 45026710407804984 2.9154192092705637e+30
-8106417898952615 -53277607676689352 2.2574640515061667e+30
10768087585956800 -73785801531646656 1.5586977766596926e+30
32152897212819948 -8199561937797196 2.6645709757232754e+30
-49773732558361440 -70728866597669224 3.8305937976712859e+30
-46618956609839504 21636075256754644 1.8122030439580126e+30
-32102641621891276 -77889914300960000 1.1214890190660663e+29
-48156082276548584 10297462417010768 8.9041252332372542e+28
29849536294836864 -46906330598463824 1.7279195708822288e+30
-12429138955326498 4575301471632131 1.5303993118564876e+30
-31851725797299640 2928574500102508.5 3.4834986265072305e+29
-42514519528151072 2122733748426558.5 2.3779542216985307e+30
-4453572486023041 13037338572173726 1.2647938993562786e+30
37327664564552264 -10392137933888662 7.1408017386136983e+29
65188904292897040 -45932207601575072 1.0432583123725454e+30
-58323966661185528 3447540083704869.5 2.9923614939482832e+30
32184126575699248 47484878331523984 1.5815617069600151e+30
-14219000487257274 2397387113047181 1.5081285793021733e+30
-6494606559234644 27227990430202492 3.0360801933979282e+30
16656459164528810 -472203577576377.75 2.5799390739336553e+30
31683647638826376 85275235186836256 2.4590025762635722e+30
-47916148826576456 46215067056892536 5.4482307130853183e+29
84054823425815744 46351370360632912 1.195906628388621e+29
-11818465098068692 26877761135296500 1.2968416749511724e+30
-45466999375693608 -32036920314026148 1.978733211778832e+30
48294437201299264 96333138909243088 8.6167212467880916e+29
1591363372061889.5 -14855354346205152 3.2614755187112013e+30
-20814612991085656 -286513937197558.75 8.9675427562232384e+29
-2151459236917682.8 -30299356831255332 1.2898147254225161e+29
2796143944699040.5 -34749127500238380 3.8439474958959314e+30
1.1440649303841555e+17 84397777345782848 1.7432115657991999e+30
40266525517752336 -43314989871451384 3.1691237697051863e+30
62650235497614584 -35199916685588452 1.0465564377578124e+30
2840433283717772 -51882701979394272 2.3582204344316225e+30
-34505615223858980 76038669449726912 1.10518927569354e+30
-69793195981961856 -37440791041483864 1.0778920587385564e+29
29106998534130840 9317605459743338 1.5731443544639463e+30
-69929280825541776 -4847930108350514 2.4052259525983539e+30
-14915750814792290 -24387332864551076 2.3475977734320088e+30
-11432131512225024 30747269114882568 5.9788235977766018e+29
-19860370918410440 -19056091307924424 3.7452075604428078e+28
16684853186290638 -44878452667181672 3.0772101905698668e+30
2392298863146245 71266841815815696 3.0000595082717706e+30
7408358613739463 11456939969834126 1.6033077158789278e+30
-26154546717074636 -7459361191948215 1.7248966284520626e+30
-28726262402383452 40196113389707920 5.8472316359040363e+29
52422618795454704 57086354629393544 3.8300628962499136e+30
-42737191709814024 62531420862932856 3.452249082575265e+30
-26379757554874372 37487480763380448 3.4431438838729711e+30
-39395961712670328 -50167639799036328 3.9373232730452035e+30
73579960318913888 -40009672655549752 5.1929998992857091e+29
-41734743933954472 -34781722898018396 3.1914970045992143e+30
42987174430788632 -32511040208436772 1.0301954045194849e+29
-61605690442527208 -50613976382924904 2.1308856165394528e+30
-32803211940480624 -1702419545341764.2 2.7733216796954155e+30
-23819396784288348 8575395313260222 1.4968274770305338e+30
-21886586902698152 -79099181622450112 2.2750567393718037e+30
74327560931562496 9574675827708564 3.9143664000884318e+30
-25270026610926696 38259604716908360 2.3016006174715655e+30
-70727542973255192 -5000325232879195 2.5644895728740299e+30
-50441346646274672 -731468600809689 1.2751976107643229e+29
1728908484610107 -52820941444664952 3.6884438917526258e+30
18879865006466872 30754883667856780 1.3111830899686388e+30
97569395322013472 51895368571126400 7.8603864747500877e+29
34436304501734440 -19447962257398128 3.6344774696569064e+30
-1.236647406748881e+17 56824849952656920 4.0806051021323711e+29
18787419149439584 -8823821682537845 3.8968621293904845e+30
56573393241982872 -40307072290491672 1.1392658511281141e+30
-5932724896428304 33924608770268976 4.2430452009359811e+29
-23401615460923368 -8150295827850754 2.3579693578721782e+30
-15518516192998360 -46591723256947432 5.4030301111713771e+29
-61833305482669384 -38586896494999984 1.2008425547103044e+30
39069005900080512 56790127429181640 2.0506522311539303e+29
8458935043985877 -36522059934399952 2.7077358896753038e+30
3066232307440897.5 -13680271136081042 2.7188370476812363e+30
3132933629368016.5 -23257847415166924 1.0242959674567715e+30
-4191914899634992.5 -67594262474247520 2.011855012199134e+30
55765829504586784 -7519106621486893 4.0544085581023825e+29
-79435669476701792 -12698525543474260 2.6740969655734736e+30
-26612746086432628 -56677001072309592 3.8563148338773205e+30
32751593259097920 -25198300975058312 2.6910204744640014e+30
9185493342774188 46102224437446968 1.1413279069924504e+29
-1275852276182313.2 17001109164709074 1.4365646845830821e+30
88117007169118256 -82735104303842768 3.4105471772181355e+30
-21387868170746132 -43669708736228248 8.690670597204338e+29
-6833073445210342 17429871686758580 3.4037614417904582e+30
-25492520414539936 35414078195792560 2.1922642972543298e+30
49747955788576152 33259392873695872 3.6650481498461761e+30
-6962918009080812 37810596570531792 3.7618888872228246e+30
93614287765033600 44521640569688072 2.578492286292348e+30
-26999203214125092 8329464106330978 3.2381920595520837e+30
-9452673300554756 42313042675054464 1.6888245068773903e+30
76488746253056688 18885568252742424 2.0807083042145135e+30
22361346823926004 67721919682180296 1.076303686624012e+30
-26581742171898984 -74085811796700000 5.1385015099802963e+29
12634914642546234 -4872763205954009 2.4457352832979204e+29
-4944373231625094 -23663759849280040 2.6862437059413086e+29
-11839757171337052 -32162584439847192 3.570264309482287e+30
53743888806341384 -25442194628410868 1.1327912620790202e+29
-14452899067319754 -7902154773433987 6.4769699199676962e+29
-57309723953475152 29961924971205040 7.8584801858552417e+29
-78221811597050960 25038252183905556 1.7958999831405801e+30
10579055525700464 1745547527869914 3.8446034199443751e+30
-25525910300062388 42080225031037192 3.4908415230864659e+30
13866845615600338 -44839608854902280 7.5923974343315386e+29
272258650099609.75 -15866369608879424 2.3671224055768989e+30
13342171347029208 -42262112995885344 1.6056990896658263e+30
53337121340309856 -17155633859626418 7.3665860608763702e+29
92080438833244112 1.2185009194629518e+17 9.716490399363164e+29
29906884352987744 22005156649029712 6.8082701664025874e+29
-7138948730951889 10384339120743286 1.5363923686651451e+30
-14362598000378060 -43132992050174272 1.9062054525233291e+30
-38539859592503144 -8915098467301245 1.4296214217551375e+29
-1.1980272752049866e+17 47474737183491568 6.5623181041313677e+29
-350281235274810 20501112121052616 1.7081677093045752e+30
57990854493580496 -91066396269005712 3.6048989438299404e+30
35334612072391220 43208768812160464 3.580601226675728e+30
17293323480819920 37212192275358136 1.838597230038543e+30
-24775198885825604 -22363722419553272 1.801546554150533e+30
15976167179892432 82617414325828736 2.8173716119567115e+30
15390754734923004 -31269033713133720 3.065674788920448e+30
-82684506634608320 38487292299347136 3.2813827123189442e+30
1619294852286169.5 -14833537891040036 1.9457434424441813e+30
38383646985712352 -14795748247835798 7.9073272970129547e+28
-2481322273751921 28662246687353996 2.3829796254647453e+30
-9380217737568604 58362499239653672 2.1708907986962688e+29
-30853537796466008 -89326053214059664 1.7502471655127409e+30
86737511467773920 36055461329130464 1.601169727421443e+30
-6392065790386541 -33889736315897000 5.6583407775659653e+29
6690079337995575 5881476792985358 2.6062858774682308e+30
-54650416292035200 24641539796301896 6.6060603840997126e+29
46544837955216720 15889617363224536 2.2084815234777007e+30
-15219787957813704 32758707961980288 6.9315344931396313e+29
17000735131415080 66251354519318576 3.4514065536160282e+30
-21536587917480412 -36902434214721672 1.0307871732836616e+30
27451310189560748 -471585438114258.75 3.0958976714336255e+30
2360681540289266.5 -59143586417983224 2.4571129174242571e+30
-30778600271923440 10800409132542238 3.8883226266498907e+29
8629252129648600 23200579007498128 2.2001440003508737e+30
88969688854765968 41309458645384232 2.4021528144920457e+30
4797136701387510 7748861716587788 3.4140024482345723e+30
-13855729563179994 32544735149756324 9.1258408922256839e+29
54084768379158736 -14813201590385658 2.8788207201704081e+30
-51821771611087432 14532942816340474 3.7796577865796047e+30
29555753554271792 70398223516832672 2.0045584690243307e+30
41227885028959392 32606821110161460 4.6083921817112278e+29
-64070420113625520 -13654781248771100 9.8484208480947518e+29
22567165116562120 -15092147608646288 1.2016318453044773e+30
97727991162576416 67969477253850544 1.8771411091451031e+30
-4751684795155618 -35660910950303664 6.6526239469534951e+29
-9649714289648218 7732408637402246 7.2371753627414552e+29
-12001282881727670 5078077239960466 3.0424011466476193e+30
-17373962317583008 49680192651163336 1.6973971680344844e+30
-20184894001403956 34817310111175396 3.6910357975958733e+30
-22495454404673364 -71760869874903904 1.2039238539146632e+30
2733719490013250 29551292157750996 5.8884168459187367e+29
15615582310938728 -29556225719301844 3.7555161687893279e+30
42133093445380232 -11034571874744848 2.7621289987077346e+30
13672625879049956 26650750348768488 3.4669185717246433e+30
-56080637314093224 -22929095146240320 7.6072329926278801e+29
-43237808668119192 29819661863320000 3.443972429375442e+29
5374113795115185 21337143176887192 2.1653104100093391e+30
19700512494197796 -30200949224166040 9.7019258645313253e+29
3807439475361723 -24048958704258188 2.0790824884608485e+30
-14931355255898410 -7378504224268266 1.2834919595240702e+30
21467261305978424 6387718311921871 1.9894475552117365e+30
-1.1962123336592224e+17 54534966879023480 3.5196338905661572e+30
8105132963455593 -32736586002339200 2.1770391924056189e+30
-20541192013289484 31201633535371608 1.2488173749392882e+30
-38915494047148712 -83075778983522464 1.0672412367543514e+30
-18837875360584980 -25207275697039392 2.3942521339693418e+30
-4128917834679830 41055507593806648 3.0367399789097456e+30
58208956644781120 -5562804717227906 3.9156589202062203e+30
32397969821095432 21000246146171616 3.0571525128149065e+30
-42610421986094192 -17712788263677932 2.9065978364670765e+30
-87203280994997712 5973738206297.1875 2.9907406156354673e+30
-54860190529092888 -19840614246720624 1.4221406719519881e+30
-39473547281595880 80447150341069744 2.5676626325987494e+30
-30531712969751932 33157286673537284 2.8292548395673902e+30
-24789413510733608 -16342424271208644 2.7602296705355161e+30
20506284572740420 -11570339819011398 2.8841950910664468e+30
-16875755305814164 -5176604362695191 1.4639276761319006e+30
24559599477460636 -27778496862235888 2.8944711502765389e+30
10395096473148772 24752368895542788 7.8312878445451223e+28
-82061578370495488 -42674308602739728 2.048178069121044e+30
28114001561268296 15574753712463606 3.5282837319027012e+30
97863270547582784 1.2439779760592306e+17 1.8429818561575052e+30
6967843127706583 -25674543019461112 2.1237042045093885e+30
-42971924579220016 -17894004533222754 1.5152666995947633e+30
12093573409408398 11207520878572.107 1.7367861918751785e+30
44812837172467976 6016201650176258 1.8783379261283103e+30
6012799686945976 23611642111830156 1.879060297987306e+29
61751083721672920 12904496271232072 9.1366602777520818e+29
5850597419158661 59957306709579568 1.6954969548989014e+30
-496581930655445 16635383600488466 3.3785936149759313e+30
-15420364234019552 860276694796712.88 3.3172786986372188e+30
-29380477725437376 24649445972995836 3.5466645095598362e+30
40291945089150072 83350001909130576 4.481539201168334e+29
-495250446311951.38 17399228928064782 4.550078708133918e+29
9613029676802316 21588640595170384 3.2900657196494176e+30
2918259484661451.5 -23112206796975060 2.9438344427674112e+30
-62504302524986376 -6920766031430081 9.0952830297896012e+29
-25200824740693512 28535508256986988 3.5671632834563457e+30
8210331976253015 24140614619221456 3.9036011551319739e+30
95514713694557696 68259919535524224 9.9042976739767602e+29
25015503091400500 51870106686019376 3.9537226299175876e+30
11267452172799020 25284853396217676 2.5146053071364137e+30
18263358766787904 -30108117443926960 1.6406142713234533e+30
-10914672607506840 20112841140354900 1.4300626109456905e+29
-36745775704806368 -30309324132553492 2.546636718758682e+29
20727280238286676 -6126951791492527 1.4049047800879065e+30
17691984972159682 -51356317597697952 1.5466950363097496e+29
-10712170580960836 6555089962386689 3.930578773512828e+30
-5772011113823552 24430590432873984 6.8973639634354626e+28
29547108674371240 19767728948017672 1.7706380194217328e+30
-19871823384112140 2081495952485896.5 3.782582528416185e+29
5428303842638187 7136080273029347 2.6094728411830689e+30
39246353002422360 -81264059547005872 1.916730555392507e+30
11957738093138056 169918371057873.19 1.6768623020868169e+30
9640434767419862 -20220429033349108 2.771969106306797e+29
8028158634195220 -28543735684237456 3.7811601641757942e+30
1411533864258181.2 -14995408846762894 1.5313895048507e+30
-26497379614905000 25040453889103168 1.2356167684432526e+30
75788670447398336 48684755977357120 3.7964614927083232e+30
11898145676627836 -54726425240442576 2.3115676233102914e+30
-62415908749752888 -7099711456808154 2.8528510620895834e+30
11985599798765890 -56875696137657752 3.7308601494646586e+30
-43127128965715968 77252155810613120 1.0550993094749168e+30
6755410546996321 22334050295285668 2.6962002521259731e+30
12416496340301372 8171876640310415 1.4524502826433474e+30
62183670872843968 -21260668042727904 3.8499477056527771e+30
-26278749617941460 -53938302836696056 6.9005661184798496e+29
74289245125130704 36011411542669860 9.9986149573198295e+29
2661036515774423.5 -18535249757844708 9.2069379840339184e+29
-73466683621160432 -15776488992717566 3.9404807877398747e+30
27668337510017480 52311615695240696 1.9937104885194401e+30
-40520374930823504 -32408201110628128 3.259628336112311e+30
-10841203447726952 -15559733236273424 5.9830152833859584e+29
14975902062670972 -45488948936170944 3.3187653119040834e+30
63261828667340808 4553667829475020 1.7549689468786259e+30
44997046809804872 93937307979164816 5.4867709481754562e+29
20867718530331328 -12189545580887860 4.5405745855893473e+29
27269894405468668 14868058002138172 1.5816486467167199e+29
19669940619640912 3183154442571563 3.2391209496232138e+30
-29276287962299028 -60912025115590336 2.0094411712041832e+30
21195118207995608 -5105552104010726 2.2334774900899946e+30
25911323928315960 22254664336193432 7.7367658920661778e+29
-23762694947236856 -13153475913744590 3.810692908527038e+30
7069906954322702 -25733859684968620 3.4270978552515239e+30
36152416234692448 -98347923845162864 1.2468797324401431e+30
39373346524104560 -92019600213201840 3.6109713565693132e+30
20342367399564388 -60469413937354232 1.8091402060087246e+30
-80923686594513456 34007439754299256 1.262828370576202e+30
1652486463126081 38010155979319256 3.0496863083445733e+30
4589927971919172 26100921942129316 4.6662454815321839e+29
-1.0450263467083594e+17 25159032387028012 2.2001575440431321e+30
873905314436444.75 -20445726495474088 3.8734833259695703e+30
-54256437137679376 -91068076567367776 3.6455694336207879e+30
-61208424262614976 68318468309037656 2.4280053585433024e+30
-1.0571025776822134e+17 67806175264921840 2.4989273080137359e+30
31742761408740028 5607202977449783 9.8476625134738474e+29
-14282548455459204 -54237564094162160 7.4216200862750601e+29
-52079688597827312 -81453344075918000 2.8067363686765739e+30
12345146497899360 -26232754444182180 3.9161011736897176e+30
-50497191581031864 -86316635533871280 7.6765996912076979e+29
12382875150165030 -328985563334501.88 5.4502851273418822e+29
77642222473499264 39114508946456584 3.790381563231875e+30
-29711487061139388 -55884910297286120 6.0950159653567667e+29
80510431299406816 -1.2619966286396384e+17 3.2174149837768087e+30
-62962330788567904 -34416372348832520 8.7136906126908625e+29
-21142375878871576 -7713092424967717 3.622119056616387e+30
72023919035947352 18032692953667056 3.2185598048060258e+30
31757188822367756 -97680741317925376 2.3899485860173729e+29
-11980971549660992 -32473436976299444 3.7390975269713184e+30
-53025911987799992 -25183075368833120 3.2370835283565656e+30
2219906575186474 -77501195897396736 1.7547284479845137e+30
52743173165741704 -5438854665466244 7.5630614003996447e+29
-36904900438619136 -39536585902668032 1.2796747191653164e+30
-33795513856508508 -62288431643109120 8.2215436636700791e+29
4585894730017114 -62273106022664792 2.2276603990403611e+30
1.0021884431203178e+17 -1.0978899163823814e+17 3.9723662441947115e+29
-35451502842048332 14176020686935138 2.253995807987479e+30
-13646442476181616 -26243964212992188 9.9059653911464915e+29
4754722911787798 24419410829561760 8.9394418170525079e+29
-20418840363005288 24552589779822552 3.1526226280705304e+29
-55483752119744632 -90917901721566160 4.7465420999277334e+28
18273985903212868 48949347405434720 2.8111996282782071e+30
96215109558870560 38549777106033792 2.7649843557762038e+30
6880112079450998 5689019977261083 7.9472224793947752e+29
75183584427663936 -65506877000724312 1.2594138073440348e+29
14756322104899024 30709642720351332 2.9568261896754512e+30
-40281435279900928 5227831559642945 3.2648659426055684e+30
477952796030794.5 -15711210197195776 6.1430223559961268e+29
-15165702992709878 25747721186736180 3.9202458887052089e+30
-52510953405035024 -27406694168711952 3.700700916761905e+30
25878231040769020 33937131828781132 1.8064043926467135e+30
29710009556555436 -4431783690345020.5 6.5410093329544065e+29
-27036742499114236 9449364925986536 2.7754040716432146e+30
-6320267744859308 18043276417163360 2.1445148645718629e+30
-4226293451529951 -19024047929733704 2.3907665685118214e+30
40408908988102280 20878331144073896 3.668119434595331e+30
-22253348033853852 -24819173450789260 2.0229443753500518e+30
-26193436033430144 -27868129246823924 1.9470254148205048e+30
-37232552360379672 28081755072242456 8.8352844022865348e+29
31167575841091052 1804204003519976.2 2.6796778655571769e+30
-4655256781141910 54382450836047752 3.5757883939142939e+30
-16051471357323194 -24715811067993380 3.3300184721242918e+30
1216820643391068 52573355846344608 3.7840387250532946e+29
58226782458197536 -1.1029619173299992e+17 9.6261100023533817e+28
27523265506021952 -1.029488642074433e+17 2.1315392679851485e+29
17758076645530290 -4864404189390666 1.307819570851808e+30
-88045231752529504 40239888651169680 3.9009242533471538e+30
-26717079088910404 -75035425426106144 2.2420823357376217e+30
-20542855458881148 -26397028286812640 2.3626219941200164e+30
35654280047307052 -12174876583157206 2.3233887240937073e+30
-40961938910177888 29527760988123032 3.0534301416407237e+30
25622122954193740 -24619171597292768 2.7937340408258015e+30
4257033058959219.5 27213504743925824 2.6744909050231499e+30
24287419323871740 -19565819063994364 4.9222865932334391e+28
22004656700777488 6292462018419236 1.1637517590877918e+30
-41866482386177184 -7561746181428617 8.8647895757236253e+28
20672651108249804 -11853239653513752 8.2302980554222526e+29
25649525630816684 15568625166368324 8.7635020184026179e+29
-29724043590466600 45250510071060880 3.8925281424623236e+30
-98989545453510512 39158343076311072 2.124827400260443e+30
4523211151549408 20702082453372804 2.2028194101197257e+29
-18899944361549000 61092888504985240 3.3772288638040741e+30
56117668020411632 -18786208718423380 2.458614290147987e+30
1204645799632576.5 -46250643531492832 1.9239089431866108e+30
25672123343337480 11922656233864946 1.6390635813321422e+30
-1.191855755940655e+17 1.0552740780776157e+17 1.4437446341640944e+29
39691042295074976 9798725774856860 2.9463384774570854e+29
40082149262144008 81308580077700560 2.4012012231652776e+30
10270037738282872 -73351900222857664 2.3854744267380462e+30
47094456545046936 69347851986869760 1.7295364168092221e+30
51230894196505848 -37719069440933760 3.1061496775864911e+29
-26653246210207532 15200934082613342 2.0770398758277288e+30
8112662674544260 35077255316610620 2.7741329985173348e+29
6019276662240154 -12240338860495172 3.6266372683667309e+30
-1598995597227317.8 -68044985979099104 6.243240593568969e+29
-7595698326894610 17960642977215444 9.5534752361878258e+29
-53986895402542248 11991147869281232 1.4845649548613046e+30
25864734513357200 -9117624748794874 5.6460906869897986e+29
-20271191268984448 -29720136576909924 2.4116578217863567e+30
22458662393339100 -15166069174513878 3.6858083568158585e+30
-12769538416935774 24534395303165992 5.0785567430104596e+29
-1.0134698590946886e+17 -86157649529539376 8.2824817508493442e+28
-93965691098264768 39842703561161952 1.5893169254182249e+30
-24981235992723028 5807275461629205 2.8469676523753226e+30
11958615256595526 36670003094300880 5.503414091893187e+28
22597594002498624 7130769781975694 3.4282356362595934e+30
-57264861095412400 -1436880431658667.2 3.3737944039938257e+30
30200928258409228 24635988973409640 2.4694942210958253e+30
-71185011645374360 42343906193253008 1.5338677695447247e+30
14277861899082598 -58916515766805896 2.8938957977097927e+30
-24467415954777852 4981510163191653 1.8804467047429434e+30
-540504095547207.88 14269851187838424 1.2267218541333844e+30
36999350124032752 -35961462347898168 9.4737209259351838e+29
-12949349583928252 28936748768402728 2.7847307730595881e+30
43034193936799712 -19012998856514448 1.0340760828965144e+30
-21831061298493760 11323168942970918 2.6281372670481332e+30
13582148934622290 -71385151430690896 3.7881683225481369e+30
-43625018378843560 13136897321537876 1.1888688190361694e+30
18116356867733592 -3449280000185424 2.8968015860706103e+28
38335586712792032 -20987161909691024 3.8162426737784677e+30
48568522883084184 33590262604968952 2.3918357288537234e+30
9970429706652282 73270912617983232 3.8955088351925215e+29
21135279913105188 29706914630452008 1.2511000814964844e+30
3078988586851426 10027892056646568 2.5047053919986391e+30
70834878299518528 1.1755523094049691e+17 2.5523919557868861e+29
70965177905454912 -1.1597060169784693e+17 3.4808778151192329e+29
1514670570998354.2 -22134135533841460 3.1551005789456994e+30
-33457805027062992 -10178129408266076 3.144606193940601e+30
6101012121997864 21867040509167772 1.7533029566724519e+30
-10557613039614514 -11927996647952778 7.2383147628029087e+28
23085246859647172 30090530825885948 3.8323206256010209e+29
-19606778303226804 -59826644925857424 1.6081796577864673e+30
48972018888750872 -1.0505624415869138e+17 2.6147921353188239e+30
-40637383637179384 -53318696326502128 2.5767290732458339e+30
17324121962370404 -11865154433635466 3.1875276888552174e+30
25825463740778108 12187423741594452 1.5878425603532404e+30
-45776732181192448 -22871062720656904 3.0414495635143561e+30
-9309507212971418 -62035433760108096 1.9200224529762739e+30
4200408993782595 -12744574889769062 4.3238371225665865e+29
-15687812573958836 22710692090558172 1.9117265690760833e+30
624001659744179.38 -15600482063248714 2.6608862864132002e+30
19583305685687212 82008509565531712 3.8657756210100658e+30
53185286522439624 -36761219332405272 1.53522815446574e+30
9518166806375880 2916828561836594 1.0880758138370716e+30
52576309746326728 -341562132948217.81 1.8552650917814409e+30
-30162844332511316 20539007149220732 3.1051811309144299e+30
-1.183483526224512e+17 46156888329554504 3.1588490092628749e+30
-38305595282461632 -59687145060099936 3.6144727195574293e+30
-15986306502389422 44159171093098856 1.431463249785862e+30
-17081279091454154 30174326454734376 3.4778454148436883e+30
-40141202045606368 -5005619259804816 2.8546537023464217e+30
25195770740449112 9749220812608778 3.6133876256024525e+30
1778097565008507.5 -15997877703827302 2.6461883746328526e+30
-16319330529798036 45043532003402248 1.3964604746510997e+30
18821699356721000 73844178856700336 2.8512881238963922e+30
80090117859505424 -48728385595381088 1.3516020014763499e+30
-82221832009397792 37387416265596008 3.1073980004390292e+30
75274392413714640 49470208085172320 2.7114590296084087e+30
-65919015232006608 73443034568611456 3.2154389194125485e+29
67975682359654392 44321619883337608 1.162226774923668e+30
-70094061511290056 77439187274168256 1.4777172221340405e+30
29847981648259024 -1.016960656092691e+17 2.0776785043731236e+28
-41534749173558808 10075942089315566 7.6430430224473488e+29
95347801618389248 -72761869168232448 1.508838837998444e+30
-3992362591008454.5 -20857014112184628 3.0479597306813081e+30
64584988278624608 22338514267232436 3.4317208961372609e+30
30198805953223712 24861786386244132 1.2327558543670986e+30
-2434328815019148.5 -41425284031302368 3.6105942906277098e+30
-11239653835658880 -36241850814264704 1.9373954746707244e+30
28919282157498280 -40233189098962440 3.6661422734755586e+30
-50307309124876688 51549664076422712 1.2247569895923192e+30
-19912726319890128 -1465105429168674.5 8.2989758563285837e+29
1.1190505961378174e+17 69720015372506248 3.1442923808192643e+30
31474456737452408 62172450760510936 7.6672002139097892e+29
3223425152829765.5 -13552252518602674 3.0610032977047851e+30
5207965487682453 -71907993088137216 1.0135648980691811e+30
-19138506363300312 -4402838618963915.5 2.2994149989291801e+29
29157022785084420 19300022931590368 3.0078885537245533e+30
5252114894088431 -68541059898974392 1.5540252342606933e+30
17264516501203836 -6599260307807878 3.0591136171351073e+30
18763915765314028 -49166033222984216 1.2873088178546011e+30
-37299250886952424 -29357076139735312 2.525576539914396e+30
-57776523530427392 -30772442649007316 8.838210664567578e+29
-14146379314419932 35914544478222660 2.5401294268492287e+29
25053069997216008 36687138245104640 1.4544394179477148e+30
-54640735986105304 -19530135912903012 3.4084795844832759e+30
-21198639782981356 -44300078384857768 2.6886824585240103e+30
-59846519154446672 44275228095023584 2.196284615764389e+30
-25691259433558232 6996559110744337 2.6626005775435889e+30
291071297199361 53723074583264256 1.4711197006672673e+30
-19065691042675136 -18093593158130.109 9.2817599797323556e+29
6606998327303496 -25462662286927632 3.1772533188482581e+30
22902350367601936 -16097110831679922 1.0144376866295309e+30
81939207750296976 -41431576725499576 1.9864271619403043e+30
-9735457959632098 32619676882277312 2.6606341801871572e+30
12122825213054218 -23055132966836.238 2.6014737423607031e+30
-24151461690524508 46250450298440088 1.5661638831649192e+30
-52478129940991728 1431024616621686.5 1.3891352198661091e+30
68947020297322272 58727231142846608 1.6796396136768838e+30
-63444641367063584 -35650561383986308 4.3573064663101081e+29
-5564003101431051 -53570188339955888 3.5746274683495537e+30
-7698365554106671 -21919385617192920 1.0743375844198512e+29
18051975844037380 34687359429030588 3.2044541955488644e+30
27921109784411956 -23143814078042952 3.3437343005678719e+30
1.0085735368973266e+17 -83730775431175792 1.9731507355190367e+30
-46872552499744656 -76769080508410896 3.2494965664492057e+30
-48352417449417504 -1122693418969171.9 3.3310671997972001e+30
68687492753052240 50818718637995056 6.0864390457461437e+29
-25232565115100732 -19256630960348840 2.0889789557715409e+29
25069557771641260 18022105214154016 9.7623532246593169e+29
-23050085537461804 -11461927498038648 2.293507849031052e+29
-31368149857581420 -11282480086600920 3.6929252572275716e+30
-43795966753136800 -5853095931168758 3.771019256827345e+30
184317636106892.44 11945386907331358 6.1999960033580639e+29
-47754512209410328 55269437232386992 3.4895421556003423e+30
-4207543855357913 45628699186818776 1.4651748585477485e+29
18199878281810312 50943346694964512 2.7108988117583223e+30
24012963829282184 45406140593729728 2.9442181765341464e+30
29754702080051284 27272059515792620 3.6656119266435589e+30
61439374609479096 -89224431579723072 2.3550413811666143e+30
-30760330467256104 58986755383136880 2.2728679754274138e+30
691800155708518.75 -21540194797721264 6.8324238553447406e+29
-1902906452341627.8 -43559735168064008 3.278811205943421e+30
75592661622200992 14887000613446692 3.5868581981023022e+30
74339140740587072 36289067107186032 3.7215810244585021e+30
-3620830045929853 -26491496259084056 2.1964290264319219e+30
56122213571190712 -92164995916593264 1.4313430881512691e+30
-90646012751816480 18112492684586440 6.0205500268248317e+29
10854033481088094 59826779197760032 2.3191475554240482e+30
10565983177790266 -6960803177527073 3.899944499869842e+30
1851828974846930.2 -14651256086605388 1.3629884716719551e+30
-25236032942425072 64242642057165832 2.1040390180306114e+30
9961204884929856 -27295924008756440 3.2130400251384233e+30
24455939597663764 30198962938563924 9.7594408292488477e+29
-1312557679153521.5 15922380580539122 2.3237329296212341e+30
12212486064093198 3430419813666561 3.1026856322008484e+30
21274300790284948 -30057210392109844 1.1864664109596732e+30
-25224202902388232 -20279088693622708 4.9202141964029134e+29
89924684300599744 22430595380507020 5.7063473342116725e+29
17096851273455362 -33112887002480308 7.877847328742038e+29
-28221776677360148 -21440297439867504 3.313961953970414e+30
-6589876314281606 -57728020239295456 2.31174210113975e+30
1.2282413650578066e+17 95959418073563488 2.5363831037693303e+30
23339779880296260 3746152024569320 3.7261680810903932e+30
-20866144953647580 -7227845406188999 2.8059450571256997e+29
27148803241110804 -50237261854066320 3.3900041932058935e+30
50230631687657928 87551417496366256 1.2150149044163879e+30
-22650852022443344 2248211638235676.2 1.7140657219198094e+29
-21860358689291680 -40955306273482680 6.3632160714961652e+28
15377305615098970 -1925210810356974.8 1.7982346092033971e+30
13189180189874710 -8706776140290230 2.337740306463117e+30
-9904747324991534 -54155975363639288 2.226466767383358e+30
1429659123609022.8 -53037570113159560 1.6646102096022842e+30
78827147899799536 28654650166175304 2.5581031655199645e+29
-36549830024036176 10617598864299374 3.5556931740823569e+30
2016569193872431 -22807855529001484 9.2081210995823262e+29
49803732096543528 1.0341397444107656e+17 2.7964868392433491e+29
16205464978995066 -990605502535087 2.1733457308377883e+30
-63852965070004832 7025498971525527 7.923398722644166e+29
-64665598314330288 -31626700944336212 1.9023953917592294e+30
8936711313842670 -64459001356718040 3.0501596701275037e+30
7729933580246579 33870064891031020 3.1340877771358894e+30
-8835429109316400 18795066167592556 1.6282083001120519e+30
42404744068711472 -38595348581819592 1.4470812295776792e+30
-98013228988584224 65616398857686872 1.406594046230754e+30
37425621015814096 57468841832065072 3.3314197756762242e+30
2453247853987412 9941775900196936 9.4812924358295886e+29
-28714338650957856 48008546524909216 1.7324766136451244e+30
-77812268873530928 34210585098173484 1.3725777389684352e+29
14477391406550678 77980079511376672 8.951576416399702e+29
-83935638114900400 22030423081299616 3.612837895646096e+30
18875113133220792 -81569962614853024 3.5771222312918571e+30
-18533917641439052 -53083479407406544 5.9310787148064591e+29
976459543609513.62 -23870802319024776 2.1558796383842893e+30
62549731649296392 -11291455222650600 2.649090584238419e+30
-16730959131694220 -54148174099850576 2.4974399091736897e+30
-29557589608142184 -60374618885857928 8.9806947547901299e+29
63073130569742312 28193533506127208 9.7638079108522963e+29
-36776851481660400 65945561284702888 3.4509688307510179e+30
10903126982023084 25136210455053716 3.5926849498640831e+30
-2301308686495642.5 51428568932810976 1.3873576759154527e+30
-29455588454917376 1947883947362456.8 1.2112937342585038e+30
16861132058075610 -50714071807616232 4.5747655779844197e+29
-11318900218717750 -11172593317111546 3.0080278127816865e+30
28909634515297104 2515785479724926 2.689772358967085e+30
75628721334491440 37576513704205720 8.9640657918873999e+29
-15539987971051448 -10558697456036782 1.7578896677547919e+30
-80689187727928816 -16757485283955258 2.5299976503721949e+30
49055240157294616 -1812305596961791.5 2.0008892150946655e+30
22821911880334552 23762796989756052 3.6666646121062468e+30
-1147974045071744.2 27403695551956540 8.6514168028851079e+29
-1.0002111617114515e+17 1.0702034052123627e+17 3.9894886604886671e+29
9447670139184574 -57312508512308272 7.574606301884593e+29
11961695597024022 -28230156428840724 2.1198318490593549e+30
12472960848796060 -28447347362689388 2.2969289170024557e+30
-14694856654092892 49082303940549424 1.4566230483074164e+30
-5867864975002034 -50080525685247144 6.2119348285465528e+29
-43315320000187896 -32181657868293736 2.0274782758110515e+29
-9104763279732272 21162237576763080 3.482903911646491e+30
10291679188741148 29803476673178628 1.0855507697769177e+30
-28396480228797944 -51798260182442920 1.4093980933146072e+30
29852742458200676 -19149895454406324 1.5992302479521539e+30
-57525981897957888 14153725696316596 9.6149097152565304e+29
10392941059873450 12621151705059688 1.5088799890382467e+30
-4737678929596285 -84448301672348928 1.9475763904653366e+30
-62697590986812368 -91692505102938464 2.62945489330431e+30
-13755823329595458 -36461465349231544 2.2770137815959405e+30
42252524313687232 27624688304906212 3.0264947638140064e+30
-12749245655148630 -23601830072502088 9.7921959846481606e+29
3205866975156920 30813223479486964 5.1389490936195721e+29
-45713533341004088 15913394574825672 2.637943496989752e+30
-20809322581496564 40936433541910616 1.1752971588054049e+30
-21283580830146128 24785039294784924 3.4055790540350122e+30
6728778126686291 -25534544967991088 2.3553700498575974e+30
-84634677604554368 -1416353104639096.8 2.3459521925257648e+30
-22691249583776312 668022252926554.62 3.9523958991773362e+30
-11872541527308000 -10614000128564408 3.2946201749225825e+30
-21223473491340768 8039200998286657 4.3724324301974867e+29
-157639805857692.88 15236492718447680 9.2683220434950259e+29
-15121394112105994 22436688408104232 4.1064144161462148e+29
-24422502834125800 17596620764939498 9.2941543262269912e+29
-12443170537693056 -23475981682086332 1.4355346026245516e+30
-52087961597520272 -16946353826389936 8.4715053054821583e+29
28735806897472056 8461742987564508 2.8291202841171437e+30
-25241956764867748 -19720541790043640 2.642204610141571e+30
-43954498470508840 14762621655617080 3.155767671941144e+30
-44664117900480824 74926446650183792 1.1581243736332811e+30
36387824421324304 39295718670425040 7.9429349162373614e+29
27351665235127256 76944058228999600 1.6088379055668141e+30
26497904801315052 10250912440492376 2.0609445449006344e+30
-25209127658927004 -18861846537304584 3.5119639320209749e+30
38314058831367368 -53506167465227096 2.0629353359932402e+30
54860141121206224 30944325889356288 3.2220989027375554e+30
55861601099957936 26112863983114132 2.4926446957374367e+30
-12172049585219800 5283278469862675 1.4485158136892834e+30
-21895715389210508 -61874814381539312 5.2470474482366993e+29
8182328433844087 23318878644920892 3.7109248053909053e+30
44359224518880600 -14392062146107330 2.4524962689212917e+30
25706152601863000 -22960706508421516 1.5532558547337851e+30
65352142399289512 -32253432064488608 2.3468053620618442e+30
15525719740326664 -29530591979872364 3.9618210590766945e+30
4294528787429433 41537215253002944 3.1842588200509295e+30
-61795972439423128 -21861989122205096 3.5743582160232291e+30
-60687915579055168 -67360910320076.07 9.9328404663634329e+29
12739161021350254 -95346562517967760 1.2362255030258043e+30
16125037368653198 -1082342587841704 1.326080698643874e+30
53568334113903376 79959364091468496 8.2045772776306935e+29
1.0853628585121976e+17 79574060108043392 2.6165173146105002e+30
53079115932327312 96928930085854160 1.6238035401355205e+30
19198355609958216 33182883299461608 3.0059952709604785e+30
-32678776896898180 17089328038675872 4.2561316811597377e+29
9435903668456396 -27029821042964748 3.6067041016829446e+30
26986822073024536 -34007431769068460 1.6825879002921948e+30
-6508415678992796 41498550344543480 7.0480680364543847e+29
65673565845518088 26799517938711392 5.3994963798039949e+29
27089883506226872 -19552452540394320 6.6385291016733002e+29
7760791631653614 -26128155873962332 3.1113857573464356e+30
22784716186350604 30047264290128240 2.5878532512423658e+29
-1.0953773562972354e+17 44152660689931672 3.6149341003873355e+30
27211644336677448 80844339278411504 2.2011859984985904e+30
62450718653579768 10829981943084472 2.0830567963637013e+30
-46334298467865552 -26497255048034852 2.9611394666399326e+30
-11917998410448804 -23252199572790340 7.6233796435428655e+28
-17482909841280294 -25031389533813800 6.5789819924816775e+29
-39008488656386088 31516621041367416 2.9429380926140712e+29
58904930806002992 -52941991639066376 3.4496947155315932e+30
-41463884594323608 -64613207939015736 3.7745504891948466e+30
-3546552346460275 18291148866071120 1.6819740886952881e+30
22274511369014132 -64785470822317400 6.8585731645254852e+29
-78166739893524848 94896847807330992 3.9135890338769502e+30
20767220503132316 5780303963067273 2.9760253767865593e+30
26456251990980600 -52222214304187144 2.0385488977301857e+30
72840532470518816 32349441263735656 3.8007406137683487e+30
-53731941297785352 -73259994136915840 2.0974207704722733e+29
-48787556099012688 23210712787459264 1.4485978019955314e+30
34477735837095848 -7478764272809037 3.5188056658645974e+30
27114198434502984 -9329709365941216 1.4525427354742614e+30
35915342228562772 14703730733140932 5.584042610850684e+29
39518489214179632 -24168820264996152 3.3152513717651716e+30
-15052403560671368 -7244928479402775 1.6041365267324296e+30
76735322122876480 45387907483799112 3.8068486787488739e+30
-3363883105477383.5 34375540970211696 3.0325526894750967e+30
20698114033145228 63971429529037608 2.4333095294333042e+30
1.126487342951971e+17 98357161481397328 1.7032959932511173e+30
-37562959246323912 -58106871553108720 3.0115600996099268e+30
-19697054240199604 -5281510498399645 3.1809837164630877e+30
-13539001483549202 30287031329492404 2.8589390165816027e+30
-36250654924360600 -16690752937798566 1.0951263838996263e+30
20223500036987808 -15488343817832390 3.4999306635641129e+30
21588780581332608 49068760858381896 3.7116666306495751e+30
-20436296503740024 52133049096430192 2.6411954636190497e+29
1522554820075245 32000790572873192 3.3233830267659444e+30
1.0395013469775446e+17 1.229021633054735e+17 1.2709355322369924e+30
83257255912898032 -53908890587212888 1.0926285967213627e+30
-16175486980796822 -5983790449898466 1.7184028533747771e+30
14168440766759896 15308588648807846 8.8953745544452469e+29
-32438649092241732 -73873035012849024 1.0533581367224316e+30
-50162962007490616 84594807352274544 3.9202852029884937e+30
45906767771913528 -86256814541510032 3.384285689953295e+30
83344585744321264 26677929457347804 5.1139730970677789e+29
49448555294843600 -22313277502853376 1.2619912369390305e+29
10032460259705834 24525477088497720 3.3661402178033482e+29
-15038354013082188 22395681406707992 3.4021103588081616e+30
-22978036387081368 2721857361481430 1.1941554851667323e+30
65683623862407216 1.0320219416937213e+17 1.3683886014744869e+30
26507948379987552 72988933949585968 3.6592912060163786e+30
29739768428791764 -8346990037335480 2.6936959313527314e+30
60310555203479144 5015666555916138 2.5745645087461041e+30
11166657866462734 -6365857580844532 2.3675532626206129e+30
-2259062644507027 15076731102743520 1.7079630003727953e+30
-19882420130232024 -5579831486734582 3.307059207608003e+30
-10051941924194268 -35936770673332512 5.2239292289770135e+29
29068385042472900 11983703919050042 8.4498430185311764e+29
12205684868559258 21036819155226520 1.6521881219572018e+30
15576828720606060 25180379347558564 4.3161306224713582e+29
37988724707964736 -16246951268493030 3.7705767492045994e+30
19647484878237844 -10161291922566508 2.8373155620682496e+30
80413193546052432 -39572685626634296 5.7417630755408854e+29
14606103464756788 43507980065953448 1.0745645582427915e+30
14350853428756076 27007151440496004 2.7260570382233062e+30
-30451291555362060 11707545768174898 4.7922723363194649e+29
43814246467173368 -17229841054967526 2.8370335918516724e+29
-26413873822780144 17062625289060236 2.696625630462698e+30
2765083267023553 19339960318351108 1.7959957758331384e+30
-11941705728499448 20724250426347064 6.3188607475912385e+29
19499271740938660 -74223452611088224 2.684910077771694e+30
31171408823700576 26248177212506924 1.273687760844109e+30
-84972629350327536 -53788740362324240 1.2018913653863862e+30
28270479108112800 -5608802063381058 3.7400050094248632e+30
84146765957082576 20298803766604544 1.9404929948286749e+30
-35324310893162824 -11340394296543344 1.1432746422456384e+30
-26858621527183864 9106161350362898 2.0950697965192161e+30
-66530751353095160 28610220208440208 2.4291375975056206e+30
3287349262568456.5 39660134422002232 2.1784877454848039e+30
19251775172459504 -75719739474760368 2.655751992840604e+30
17098197171792344 32037270418645588 1.1785432765521496e+30
-21403392785243924 505158488987724.69 3.1946818791024852e+29
-7788719878445547 10172264631913412 1.9233448907332424e+30
-13875192578430546 2825617403731562.5 2.3576705733088898e+30
86511112535776000 -58294744357531576 3.3633781890787036e+30
-9596619854887776 -28987934196223776 6.9269122327676501e+29
-8205026944368988 18375201905447776 2.0924956460836283e+30
34945639639487340 10273309942548314 3.4055628545981582e+30
-15314865633176148 26583856755766088 1.9002380765340946e+30
3155357482881228 -13607752869178168 2.2887850818410437e+30
-7205071901489516 22864382172390616 2.3031881586543763e+30
36807261427563208 -23040035060296324 6.4644544358920495e+29
-29006208435201772 -7984958985902814 9.1128265071871432e+29
-9002041605175343 -37010432481148840 2.5481552693133863e+30
-85268885107525520 24436056853104220 2.1165162439224135e+30
-4641674123421519 23299868050382516 2.7501444695600175e+30
-21496192694951196 -8351638638055329 3.4729026984627029e+30
8874004880728145 -8776304057383308 4.4651336478433934e+29
1111326582377626 17997568283742258 8.835291757863068e+29
25155695398927776 -19179949800226132 1.2343450132207764e+30
48066786818398312 -81202106735824720 3.7494213687812989e+30
-19928667807273036 -5654815952440559 1.5628523983330762e+30
-42077185574854840 -18107528491676920 1.7079718855575918e+30
15416980478806842 47556282668531584 3.9469968640188666e+30
-7523348892248352 -14799637152571910 2.1953780799742714e+30
-111282995627877.42 -65037627768025288 1.3539069709042546e+30
-38941568898422136 -14143760205061192 4.6730815091334793e+28
64497245130398424 -1.029890283140007e+17 2.5891760707173395e+29
1047821967724978.6 29655453424047784 3.5668323882598645e+29
-7215138130024408 18776661217412856 2.0735124864706388e+30
-73280587653189984 -97737347678820752 1.3248607499999781e+30
609700925919239.75 11578452033093030 1.6586520028609616e+30
-3348191025473903 -31374776746185132 3.935166070747109e+30
27816291832492036 67488853546966080 3.8840437357439744e+30
-34739122759353592 76402351304761344 1.1678715839867709e+30
-12373533773780780 8561053382522201 3.287999975355609e+30
98072130159827904 1.2053054384109262e+17 2.298593693296348e+30
37060159212408408 703839886767279.75 7.7475263771625336e+28
21046916512157424 75978921596056176 1.5851894561068212e+30
34911483186690276 -56804048074587280 2.5249822444605496e+30
-8374011028921770 48336700511461824 3.7148070574530002e+30
27200160787232608 7365072403989918 5.0788070726846694e+29
21886095083985736 -40058761625542632 7.8621059581014473e+29
27605333378161492 -15180338790730304 3.8473970055673395e+30
1962387039965246.2 -15608313915459726 3.226012342611228e+30
27944832837332096 8662161193094473 3.786045998602545e+30
-2432507780916798.5 -19149919656531000 1.6107638245295849e+30
47094731925114392 63947390647623808 3.7610878515755414e+30
-6017830439745563 16848028177092288 5.5638589093008457e+29
53073186864433288 82143575956432848 1.9746101683523796e+30
12031263140781968 84091361477595.484 1.914966923839099e+30
61870867454018200 -17630781315334152 3.9461005089039238e+30
4222912446105681 -12725726798283478 6.1732629091317635e+29
3663777134001762.5 -23613413996915936 3.8463987410330538e+30
534253802860772 46728854638370856 4.2077869696677003e+29
-47311674194722096 86682330645453408 4.6965499774737857e+28
-9632275399988312 -54413209255115896 1.939332476086296e+30
-97238684842569648 33166721201459128 1.259515387768962e+30
21926984687021056 -47814080739283440 6.194860823397025e+29
26128988645739272 6742980928203257 2.640903319404727e+30
25231631235106632 -24193868035606864 2.9543551129832101e+30
-13654513069563164 -23953340856700280 1.9085922723226764e+30
8292028345949180 4229217521993415 2.2440949529547075e+30
-40842521143626832 -75607917405397504 1.3700615870296324e+30
-11591987697926288 5553057462437651 3.0762097486456136e+30
-25637415400900444 10920197032834648 5.3395898113838913e+29
-32268446988785648 -5040373195609599 9.4966354148460341e+29
48609302094945512 78497054867216784 3.8924356763081766e+30
36466845912638288 -20035189581039304 2.0736202135917186e+30
-46833063249089680 16322502305716724 1.7097973565977451e+30
-7814849275209544 -14533104758264162 2.1643819800535024e+30
95872225370976368 46685608626493272 1.4480438951637435e+30
98142605775736160 65494089612475560 1.0550385726121142e+30
6744787443376160 45548240628763536 9.8469898929673345e+29
-1.0737391245497965e+17 57824367125871800 2.139657429834268e+30
32491185246724356 -1487411136106288.2 7.7762672103387347e+29
6939422237068371 -25657977238438028 3.6932547612936412e+30
2490782777220354 -22819052019091084 2.1363396620556671e+30
20748700921307164 -11659432447593590 3.0264833425800832e+30
-73097122221725040 7434579292352101 6.6331479409770828e+29
13256692761267180 9652832521019590 1.7417651800641511e+30
-56523513235854544 11948245985068586 1.7190272500215192e+29
-69510781252151736 -1409327344022260.5 1.9254224846000738e+30
-39119872407101432 22151235147368032 3.2958655203227871e+30
-41786730744319088 -84938887246343472 2.4091323393412725e+30
-22918024924899464 59941341337001432 2.0117386605873096e+30
-14171368461978782 -10378569934862320 3.6359378225072098e+30
-7355358537073866 19825504582815004 1.7162654742246715e+30
-16512799462210570 29243908744647120 2.749793094483667e+30
10405229205900288 28674455415843340 6.0030979754417546e+29
40152276197491280 10310263303517684 2.1640271271807028e+30
30546950183074204 -53538775268315288 6.6432397180104618e+29
-19539113445439336 -28060823827749012 3.6727518074579245e+30
37408208930669352 79914463394308464 1.0447549548884216e+29
-14098240721018428 -28584948324179792 2.8852289496328501e+30
-2549535608056143.5 14209385177721874 3.1071445569460813e+29
5274027689230348 71854228852704248 8.4449157539879117e+29
12384795967365004 13098405473625824 2.4188231038913812e+29
63308766337219216 84725810759170848 2.5591033788378094e+30
20015922448203912 26696413999899260 1.9259155932962478e+30
-15578699009877128 652661228476540.88 3.136968699292089e+29
-15383203640822782 -65436881707256592 2.5114121689585066e+29
8409827102982727 4818240793345540 2.9261869388355429e+30
59122773857110272 -7844863735279641 1.8071195357045266e+30
3439879359889662 -17578585024962016 1.7939299901445549e+30
-60035426656683752 -34043637253783820 3.7781561215992539e+30
-64992814464383256 -5507043082765449 2.3025733257980003e+30
18080939846318320 1211949354202171.5 1.3343498821493725e+29
-21723985954078396 944219498501323.12 3.1445928976191614e+30
27043271005661972 -24010318144194556 1.1945930436640974e+30
-17470111174322666 -70971969942031608 1.1985699806650807e+30
-1.040946415190265e+17 23612532011322940 3.1301976945633618e+30
61162793357335424 5110080144149583 1.3163244120914762e+30
-7090271244003457 13868516536081150 1.3490714883277875e+30
-26599312031202284 -10557075169935814 2.2677232138391239e+30
-12833937696834712 6719615892712176 3.2358557442861334e+30
8590037482782578 10311782416939720 1.1768672899164817e+30
49532204666428056 57462617576156880 1.2685585407948407e+30
-9846032423881300 7517462851637651 3.9360306434914015e+30
-20502798867860992 -698485916233673.75 6.6126842288242585e+29
-29027203997147904 -17854691185569218 4.47216590700641e+28
-16134226688909224 22236088029394136 1.6839370898333684e+30
-32296871226854372 -66446287786829840 2.8574786817570092e+30
-20030608289501504 37768278196022896 3.3350266951638809e+30
11808986423561114 -58433373945820952 4.5407799596146399e+29
-63311953675512528 5326435975265784 3.5021613110421815e+30
-4044581125735337.5 29828118016925020 1.2596784673063109e+30
-78083484056398880 -19622276322449380 2.6947745765682287e+30
13069470864483336 -57066090646830744 3.5903411744313904e+30
-15411142725236128 872330556506361.88 9.3095324643816528e+29
44980563443892928 -7515244678645954 3.5791925758840938e+30
25362814981581.918 -16051387289908684 1.4727029786940716e+30
34021216849307724 -48832333981520760 2.152653845295599e+30
-48383077303921240 78988938119514368 1.2376705184608052e+30
30900417037379344 51024627613813240 3.1790511343776639e+30
24560746305921496 -20446964698562424 2.4576514634716794e+30
52195463565375464 -11851739220003820 2.7813008955220573e+30
4408510131048369.5 33835593941793888 1.7090451000156787e+30
53062999437429312 -5268177054331347 1.6178989636196895e+30
60563519417823552 -92038564448071680 2.398068020842307e+30
17368874457153028 -6746621011468423 3.4704918468637421e+30
-52807904328984664 -25333474147227500 3.5894291347128933e+30
32353449625868556 88612547505755504 3.2253172901638843e+30
50301497511299.852 14158891703671356 5.7881604261831706e+29
-9609260697004116 7776557664048173 3.3408138522839153e+30
-2744896155603269 -87241046720282720 1.5205147142559785e+30
-9938945811657126 47982137556506632 2.8257840417602404e+30
42474041711074168 667618713088334 1.3854672157597647e+28
5827288510215447 26442023347058264 2.3211254326961863e+29
7099652762094503 -15404881288294428 1.3729811087418254e+30
9021306577705378 -8450174333405932 6.8075652110020032e+29
-29655878300911904 15979503784555138 2.7979853768474044e+30
-41694443483386304 21119979167742124 2.1937077349881627e+30
1.005093158982844e+17 1.1872305469495674e+17 1.5558792625892185e+30
9982217674406844 -7530447156635103 2.1689380661071413e+30
-44251782613790576 9135882319371586 1.4090331927853345e+30
12262559957628330 25868643559393972 3.735453452137385e+30
31147145107378788 -79256082090229392 2.2519089319456947e+30
-57733819429221280 -5232462251198524 2.3484304471739589e+30
11573232151171064 25466962565096084 3.8168162015323509e+29
19391284800254064 2829795578091365 1.4763697961784185e+30
25197808418742712 -23368957908120032 5.4229008121987715e+28
10915543212567302 1366743380746078.2 3.2023707222802359e+30
-6776262021705132 17389806820610286 1.6049474475208675e+30
30573844903588412 -19728113109875308 1.3232511004818982e+30
57692185010026408 -89181671429550752 3.3857963499817057e+30
-78953480378213824 3753398221058518.5 1.8420424599533102e+30
-25945388407879304 27867385202943640 9.92521355239853e+29
-57589568055054816 -14713189528203766 8.8692408890438593e+29
-20748997039194340 -29836939277084500 1.0379690005432172e+30
57170208702537616 -27789304968809332 3.920292752926838e+30
68810961116024624 20482212726817708 1.8151486383500567e+30
57635980417300248 18246699032747672 3.7065037132179408e+29
-619844144155638.25 -19397057331361192 1.5976609372542292e+30
54613721599223328 -1.0282285389954693e+17 9.8003838296495656e+29
-6984827235185571 61848855268653936 3.1998126817235259e+30
-19965939703097860 -5715412354129059 3.5042902815097931e+30
45245232586177672 3174371267602882 2.0602597577703398e+30
-59727106317254264 -10895259030833542 4.080342084019027e+29
-13715591230208000 16445496808045816 2.8325934468373453e+30
16818602865391424 -1750409607030048.2 3.4138992690189887e+29
-40984032106449496 13564760477309588 7.2801993163214344e+29
24167017404052736 22133297733540288 2.5952332609889024e+30
-77615525879455456 -1.0062192816848118e+17 1.2372618660787657e+30
27858553532065980 -1361828267931126 1.959457387606741e+30
-10999349755905828 6230799232605701 1.7986172090427471e+29
5652069541690365 45462954451258192 1.554456061594165e+30
-76316040441750432 86060877157356656 1.2941602874336654e+30
-44199821863069160 -65609210321334168 2.1226841146803234e+29
-34515679195184248 -13153524942689232 2.8714116386839492e+30
-22239971206815844 50899844414018240 3.3299178100321243e+30
45585107469745840 -1126427035596172 2.8738809899080113e+30
27199977095408896 -11117250653652780 5.947992635728555e+29
35322526372889656 16080642018669474 3.5560142762343612e+30
1.1606121955367242e+17 75432100332152944 1.1065254263299243e+30
-67867889228307248 84195343665341184 3.8655250758845564e+30
-48815945341489016 18298192513422288 2.7765576483295525e+30
-80848422060437504 91436828280830768 5.4729203558826862e+29
-1213202787704378.5 -41857171227305416 1.5715919324496521e+30
-30237922199723652 19155135508282304 2.0876872959911045e+30
85541480973578000 19484395083530544 7.9986547813747572e+29
-21224307675805284 24770357200628904 9.1275389173030542e+29
21937011525606196 18631315938071192 1.3202506168526548e+30
17683032685352932 -7194464324318040 1.3949669457610351e+30
26004987541424344 38644581926113640 2.9376215205799518e+30
-9961814562271106 36791036753621064 2.6408672470179803e+30
11802916500107592 13699398488486134 3.6120273950032521e+30
1.0523810533586538e+17 -1.044739853004025e+17 8.087758925915914e+29
-9543487180745400 -53113005016473008 3.757040003805008e+30
-53025255913360680 -77323164334036432 3.2001108196917623e+29
25117902130990568 -10641138692513808 5.0015129751865446e+29
-21850853675503332 -9013263063245916 3.7100376726031811e+30
-75335032104181856 83670914647579312 9.1341846876828619e+29
18140118036632792 -33001754784920156 2.1601082614657213e+30
-54799459155195680 7584531698809505 3.1412840881963253e+30
1.0254520545223843e+17 54837467774472160 1.1132951070239817e+30
2610202621414692 13953741712770454 3.0568927734337207e+30
8607980780057303 -26594034629469204 9.5253191757982609e+29
-27886005145067348 11191727567310380 4.491008720051756e+28
51145479707250384 -19881949919128032 3.2455837608906769e+30
-13261687809205782 -9176922849231770 2.7410066811835287e+30
-3672045207582567.5 -19139801267364908 1.6954373755916718e+30
-11847184276698532 -40401338550408744 2.9254955884000281e+30
-18111702859899828 12343366313548918 3.7174546098214623e+30
17805054595020510 23994623821341956 2.5788182525461073e+29
-93643022703504416 53298245737578936 1.9212061597360497e+30
-7536482956519046 -24659756166545136 5.5234355200403275e+29
-25863200402708700 -56551986269903928 1.2725736943712686e+30
-37499083402051488 -71745585766791392 1.9578370540510925e+30
9298085952170134 24056247659167528 1.1915670718682431e+30
33009862777648304 -22906980858261624 8.4328281045020463e+29
-21575049177554036 27877663894718212 2.7803127602223426e+30
63304215538257104 -7933078565503728 1.1748107581176852e+30
3240125151478147 -13538620501567848 2.3431798150991453e+30
-80349567106775760 -5487193126951510 1.3356555304708024e+30
-1.229754221531132e+17 67673466902957008 3.1241952842611098e+30
6630641069468743 5941481993171650 1.0467498900369404e+30
26059016370811336 30089235385458308 2.8801175518210306e+30
-59844729765195208 -19451850382083588 3.6706142356550062e+30
-23415596313702996 -12299170513973534 6.0335037098405393e+29
-11260232825350248 -44177641923284960 4.8784033670403078e+29
-1.0062039321567976e+17 21879079948269888 2.0146002821495754e+30
-24498639530086456 -22928953956448972 1.5550535923897451e+30
20910723270003728 20302733520791192 2.5769167094619264e+30
38865080233959160 94731569712131600 1.6196287149246275e+30
-4626818256409763 -19282649151489772 1.9038769280117382e+30
19987146803064604 -10708923670568826 2.7469738280412804e+30
-90607262036841792 94755314491389456 1.139300452185929e+30
-5933751984350916 -57448635482586240 3.7030966051454146e+30
65009488284511368 -54988336196187208 3.0909669075068723e+30
-30025258427137116 30537575078555140 3.2168918032162307e+30
33295924737597708 21141223156498732 2.7333935384036675e+30
-35606508898762460 -4210495268156003 1.0161090746054714e+30
-1.1924532103915789e+17 63998361776330032 1.8487811118600819e+30
-1.0060944216290957e+17 -80394536201225200 1.4636743756579872e+30
15154535716289274 25980144556080060 3.9079147387196328e+29
-15961985001785898 -6226639353793189 7.6778459967378863e+29
-59661176496168376 -15654498226443804 2.0503870017629736e+30
-42236029857616088 -76572261207251248 8.8147061621687965e+29
-21113572341423096 6915357348688149 2.7773523016398967e+30
-9384435635035350 -13064167533295278 2.6702520215407702e+30
37756101884950592 77936415404431504 2.5911251149541215e+30
48968709368150768 8075077328766121 3.4496298333559269e+30
-14072207126391088 39774604709074688 5.3556551686253136e+29
55661354978193352 21476127612798660 2.3722911007860698e+30
-2385338493300959.5 35901495804370892 3.072946772139106e+30
-59118400658024056 76665846223039856 7.9973449331905837e+29
-21881961672528580 24922249773702320 3.2966757500576213e+29
24059044245856084 -60657646525828160 3.6722667452940589e+30
3614943343746434.5 -23580977839296588 3.3427482893651946e+30
17080123644807610 21100341780378.023 3.6401407631305182e+30
21601510384581692 -13504693535962420 1.4368217899500357e+30
15232582193429434 -98817712545238032 1.9732369039781176e+30
-86393672913968592 7670969457946483 3.7742157584950849e+30
-13451629755322122 -8976353266800911 6.9807050660588779e+29
-26969644158405828 9319300889587142 1.7261336332110117e+30
11841467717028192 41609988349648288 1.5575964816746606e+29
9504022047051028 -7990907383124973 1.4517240106082305e+30
20822422073156576 4682833358311734 5.6112230899358943e+29
-59800079539612960 22517767321327576 1.8036594797167302e+30
73029226588490272 -61123723577403472 2.4516298063411746e+30
-56532795583821288 16285593294252588 3.0767181066241889e+30
23602987572517268 -17711066897237214 3.544247785541132e+30
13628018005633482 -11039221085477490 9.0423510325341899e+29
41378203544616600 14615873254851332 1.1535447341346571e+30
21607472325532360 5084533082266042 1.4224473550669496e+30
-13976252651855410 59335056653259688 9.1723736491527861e+29
29367727681971324 -412480651374274.75 3.479004540344206e+30
-21903455272833064 -37542201480368000 2.8643410909379662e+30
-15172648788431660 -30777728996930720 3.9009314677817774e+30
-41864649922698904 -69065262350814096 2.3197076121838907e+30
38978127140874912 -76634028918156096 1.7831066921414311e+30
86151600136552256 17680808448923986 5.607040522561094e+29
5292766168173478 -26949650064861188 3.8917675436003015e+30
51589818851374368 -44822514179735944 2.1095331152400888e+30
-63178268216158664 5118400424785336 1.7044536107304075e+30
-2101447612729655.2 -59567111520144592 2.9988972937714549e+30
58335265541620376 32331055447778784 3.473213488773155e+30
43854049129465696 6076459756145041 2.2288399240086027e+30
-25494626149018372 25912746095118240 1.9407795326151603e+30
66825601894242440 -68738347103172312 2.0090104369197157e+30
-54125699155881880 32689581715950756 5.9860387861761014e+29
51506457191775384 -99778923470058768 8.7107289411939611e+29
16913214437916572 -29879139765611280 4.2438247252299688e+29
0 0 1.98892e+36
