1000
-24284028722013500 -71330784734556200 5.9412654381267708e+29
68207089698799536 42100331383875344 3.6069595252717824e+29
-38796783907982336 -2147772271647719.8 3.6605302230534391e+30
-55998063564804928 -17985024725894036 2.3872928226930355e+30
-11235240530416156 -11256319425926688 1.7642407710599609e+30
45188767948477504 24948303944585928 2.0724057951488848e+30
3576906721441831 44134117215823008 1.8177762464207135e+30
-32223243322028540 -11652213350498590 3.2413749708740926e+30
13376335237169378 -1520598448521266 2.1830173839616702e+30
-56526821567881696 14856755644634586 2.2122152478034006e+30
-1.0560285582207262e+17 45975904963027176 2.9237927835329839e+30
-16198278700208590 11002178783223088 3.1091240763014726e+30
32437058888047440 15877411871415674 3.5056437703917149e+30
38836930412179768 12188232561528696 2.479301947406365e+30
74301955256824864 1372283840642076.5 5.1150840428689707e+29
1780441934952284 18547840915680376 1.670662495784315e+30
78069302793300544 -47868500557018952 2.177539541205171e+30
-29438729813978144 -52053484138628664 9.5338925528181447e+29
-18649695725337728 -3656618153599045 2.3190042547633439e+29
11492370996167956 22842381559356972 1.3286546737987736e+29
56782778648653232 -50784982288534456 1.0148210151565164e+29
61781695152287792 13118618993368012 3.0059906229249993e+29
-19376134104921704 -35861694292645760 7.0690480116783029e+29
-24784111324983000 -8180790483595397 2.2050572253794373e+30
-10915555612613920 -29780835455550948 1.6874010654806795e+30
-10869925231052420 20085594392484312 1.3907061683164864e+30
19071652358520672 2428629875146081 3.9756464952536486e+30
18342025056930680 1066746165680820.4 3.934769310243103e+30
-30901487977468020 -12509015230030528 3.5198737533382874e+30
10547358357972442 23577267736726324 3.8192755637275588e+29
97546983380350928 -66516085897687312 1.2401276044103391e+30
-43878816973068768 13236298777401914 8.7099815363077203e+29
9082351646015082 -81353249782222784 2.7360025999117599e+29
-1.0852554941116205e+17 54766746631071240 8.7343051986208388e+29
18196331151705844 1351657278006386.5 2.8232091423867737e+30
-16191618687277550 34609794751888576 1.2415534362587489e+29
33005808583456668 -19221529680002620 2.6663993602791541e+30
-23056665924625548 -11476529529289678 7.1354742900481456e+29
11109636799822462 -6422723391245265 2.9675642797553223e+29
-75289841326801008 -44702067704373752 3.569993330660433e+30
-20378679031257824 -6396718259128582 2.9289789587671359e+30
-37354339626788576 -33369235246111524 3.4212525187525931e+29
-48524168407098432 15576006909287078 1.5975587387596163e+30
-58740241736669008 -15742120952174062 2.3063098562088106e+30
-1.1848441010463142e+17 45771330168050496 8.8755353616675849e+29
-67988288954649192 -60054161302658600 3.3927861447655736e+30
82485701945568720 1.0897364956925576e+17 2.6541030526047301e+30
-18672816033958068 -47935293283604896 3.0738241826954851e+30
24647027248175636 -20753220045264856 6.320303541277238e+29
1.0650239359889638e+17 47540669809183536 3.2274804225260877e+30
5527367791903210 -24808946457944912 2.0032380465955656e+30
-61426995291737720 85416497930987136 1.6790854187376258e+30
-32354286646293644 26404092078709780 2.6818100185604117e+30
66641693342896520 -52724538600342072 2.1471944770138127e+30
-17761390157968102 -2348215486522850 3.8608645291283242e+29
-5916249728991431 63918741590896984 1.2002701697482974e+30
640046055328882.12 17604156548288274 1.6304818481592793e+30
-23411672755161232 -7652492082773444 1.2271310870891759e+30
-51752348188328864 -19884846066513660 8.8655645525533503e+29
-10284508621278770 -12195477452566732 4.2884916182158744e+29
38985542923469848 -9258697123753284 3.3467927583505786e+30
17640775738199988 67470495196063872 1.430235095925928e+30
253713502346162.69 47144338982113864 1.0749761868130737e+30
71864131490569576 -24878647944589328 1.9246193202715466e+30
21831174746447976 74287598811342800 6.3603502609928655e+26
-58469698458618904 -13295242982419166 2.7294685993237555e+30
68420412442729384 23102301821047368 1.3281908621465034e+30
26897794384146388 14140042995694580 3.0432191846019966e+29
-33146582643192044 -57755024751987480 4.5530557081247597e+29
-15479878725783410 45007439999189672 2.3251735854593313e+30
10194736400698362 -7556473827866483 1.4583485409928408e+29
-77014733383866560 30986871179830872 2.7361489820398603e+30
-17187770300812702 4176546851718496.5 1.0879724562242994e+30
-1082166431581966.6 -64433911373462488 1.8067574095822002e+30
6423455452335260 -44952138487753472 3.6976986261472611e+30
-18194950420072928 26321308664625624 2.9479291419733561e+30
-33666102479427876 60410140126842248 2.787251544042738e+30
11805687236996470 25603797985165268 2.1241103272210068e+30
-33826945293181440 11202167443704168 1.8434185766232419e+30
-16239281513940572 49620629463664904 2.3096504759143243e+30
73627302725646896 31213963965906568 3.7791384058040582e+30
-70125532151905592 19622494918440940 1.2884323161637718e+30
-56413383324799064 -38636800579102760 3.4394448522451055e+30
27381747952791300 -2426299406329159.5 1.341480646838674e+30
-45569049084864896 63864125222086224 1.2627825711568573e+30
22657989042761728 37967730155791040 3.4820721284562707e+30
31487270028211592 -65493597550268080 4.7792101434073448e+29
-2458179895484345 21312074170670776 1.6477364364981952e+30
-11645918084160012 5490800203055061 3.2782540817794145e+30
73357915105344880 45984290494988104 2.1307849096138478e+30
-18909562259190352 -54611765394625304 2.0922888265300702e+30
-65381925667081280 1107463543398907.2 3.4022848018603299e+30
-80145793711897504 -33773999369459772 3.2741159470496747e+30
-68366756204830536 97064448504839152 3.0991220032021781e+30
-8451287326430922 47796018752068000 2.4822785388600479e+30
-7893403133171551 18164251943535760 1.7902643363092664e+30
13494912834267856 -28852653549483632 3.9668206949162567e+30
-25054652490561984 5927522200698034 1.0053026609777537e+30
-55013262203110944 20994409496285240 9.7318703807321209e+29
-13309854800185392 -9126155709474026 3.4903261693492539e+30
-28282787423318884 6848545281510460 3.0060793237790233e+30
-7276257597444401 -15024048952902364 3.3716627117136049e+30
-48508965377241592 -59838934930911040 5.8834401929015776e+29
-38563247152303424 -44371766628260152 2.8039898200174052e+30
98882599437734256 -72154305326110416 2.9235384329174327e+28
30754420413438068 13443229634999526 2.7375634237194289e+28
-25275003551321616 6292059775328612 3.9024632331608088e+30
84122979093011648 24300646782522336 3.7411957066780571e+30
-5161919382428093 33263685920589708 1.8078074840967267e+30
-72057898021621904 -24447048752940248 2.6474961444225523e+30
26646832898421504 93192844461379760 3.1996157049590504e+30
15368797792926586 -19525555465949332 5.4671727645447884e+29
55865415900755264 23375242991056972 3.4830279800447935e+30
90275655709096096 -1.0549711640643128e+17 3.4152507704372254e+29
-48782276355656128 -41430632905899496 3.5556444079844521e+30
-1.1576542772192003e+17 38474767717068064 1.1248418118132895e+30
-22001755243194768 -37046439177186400 2.3346151657222185e+30
-18098145726151280 -54234416669887080 1.4044921520262596e+30
80112885548539744 -43587130106262920 1.9185030849540891e+30
-4533882760708240 12960566629054430 3.7093495728218536e+30
35688997929701020 66392059524973952 3.5142467156299845e+30
-54239182343476608 19551774800685304 2.1076283593508031e+30
8755156532405634 -26672934979821672 2.3561809450653602e+30
-10647007914556612 28509081731685592 9.9681361235575139e+29
-17940526872865044 -2607478835394671 3.6416737235699907e+30
-21549228231756640 704161665637398.5 3.0222796383430093e+30
-21807593424571916 1059691990331546.4 2.6345633951352208e+30
20975645066577980 -2530496879201652 3.7615849751250165e+30
-81682614779629360 12104070698576558 8.0322882582084302e+29
-15014415853123996 -13570506047699712 2.2780581405220349e+30
-56204079646109040 -28135013858979644 3.4025503328490721e+30
-36469293326070184 62235004750037768 3.83012521001381e+30
26027157571823320 -61189805645575672 1.2494000217333864e+30
-52604358680860480 -24842519254794428 3.1469362057245641e+30
6408163504922808 6237919837905515 3.2871881560998682e+30
-40719318547226704 -10334658488105564 7.3558514849360129e+29
-789101970968669.38 -16652242235507194 5.8984707836755917e+29
39460159386585280 -18828300254457112 2.7751014880941905e+30
-12010813705821598 5066947914842872 2.602945274946843e+30
3872818968644218 27514323689918664 1.4546877831666848e+30
-1.1200302857689861e+17 49623015630194432 2.6828092732835811e+30
-1331954344489039 22963669139474700 3.0982666609071407e+30
23376106801083296 8267377017367294 3.821084415747195e+30
21957869037361636 29897139556875908 2.7117223696742864e+30
-1013846288475713.8 12957624042828228 2.5677728136429905e+30
-66866973894472952 -38518428574475496 2.0638162329526684e+30
61417637266024992 8562985509753689 1.8574281591619501e+30
-9356156922771830 15622015672337478 3.8605581319823544e+30
-6273303414240596 17609202469050896 6.5447836216237434e+29
20562754590377328 4339316532981823.5 2.7063072166072024e+30
20254985821301916 318271955244220.94 1.7367998471834834e+30
-28801991611263216 13361446495811790 1.5096712997672788e+30
-4804106135385504 -50698220864571256 7.100324053668187e+29
-82091136943927696 -6539374944093318 3.4761703002627673e+30
-26803899044173880 -35923302892338384 2.4323100048243805e+30
1.2046310245271126e+17 1.0305919146598363e+17 2.691288718018865e+30
1304672483346448 -72325114549888768 3.8035282378693992e+30
62984847150984408 34261648905354988 6.4902744241452433e+29
-76114615487234048 -9730978905395624 3.7278131486931298e+30
39351775071526920 6313058914369239 2.5976619005911844e+30
-30936619929668200 -6265174013034254 1.3564346708516204e+30
2816382804899580.5 62440847866829864 8.2417793372166461e+29
9121401707192076 -26866603818008452 5.9133733999397598e+29
30368702542832948 -3603659757375213.5 1.716477969639273e+30
12924766369468756 7040492504343847 4.5587982283657036e+29
392242117935467.69 17395356534148444 1.3488200886599523e+30
80541495782633936 -64035182415387224 2.3769911305542268e+30
-89450395871680224 99025965969161008 1.095580744125154e+30
11274861718111932 -27924121604437220 5.3842565044910291e+29
-23238460705115816 -11886479389216070 2.5325970445955599e+30
2743263804870158.5 -62987211656113984 1.7843715074982234e+30
67870426156063520 53338854882434240 2.0306417199742533e+30
-1354463092500334.8 -17060712312776494 3.6311944033932603e+30
-40400466790403184 67149661432101568 5.654162612466526e+29
61955603035639872 80626139306828320 2.6575980925458033e+29
-19223653667704904 -13040373928927676 9.7099670174488326e+29
-18473902627955932 57843947762345560 5.6789753050504701e+29
-86014659392878080 4894802435826125 3.2306969262345003e+30
-45820577377635488 -14489948521932140 1.1756638861971554e+30
-5888246295033967 -56992447624460480 2.7218511792098144e+29
-64572879366737072 5915820489188380 2.6736916704790155e+30
21325762210616192 -30046847729790528 1.7571489017793349e+30
62027375904685792 -11704047369379964 2.3946831435356922e+30
17503677263799282 -11277035593007088 3.8107719454730051e+30
26095198679330808 9336812765083140 1.4603519113817069e+30
-8403635474102139 9070487128842342 1.876906291991125e+30
-31626465598865596 73826590561668352 2.5728457566332793e+30
28415976087058712 17356702287356162 1.7261288827336747e+30
-38233003609638104 20296141949430864 1.579767907318719e+30
14129071033811122 9693094589155268 4.505111864728641e+29
-29306475255600988 64787361811237944 1.1966248450828451e+30
-67648023431300824 24101307862782844 3.1138554442603961e+30
-72957447180867968 21829376882511376 1.9939944439991988e+30
-12315161573591752 37356152893188912 3.9175550023325695e+30
1687473197738041.5 -25539320763815140 2.6634747842070841e+30
66538389471534648 -2350498179955290 7.1713691760228749e+29
23551926954707760 51380436713358664 2.6656776963369049e+30
-43019309308316752 -63104241822534448 2.6184509438433512e+30
-15915123103501934 62938511175755176 3.4871770730283758e+30
58011331605138184 -419979277794287.62 2.2274350843227272e+30
-57267846119581312 -38060532022252768 1.3456720694692899e+30
-32190030104867088 -33982715399074296 2.992612416068388e+30
-12390212696853276 -10084494687290824 9.803231721022605e+29
62611337150466864 -41065934913510880 1.0475174974491517e+30
-54292516509022760 -40917684949138600 8.3749262574948416e+29
-4292536403986041.5 -19067081567238212 3.5338224053891854e+30
-83351051329290768 -55935406120731968 2.8239764284490483e+30
39300992400550808 -4970438533295574 1.2017255256695989e+30
-5368780998784023 33137477297721860 1.9184701992027025e+30
65750660359317128 1.1332480101535816e+17 2.8008537855422375e+30
7206055117628676 7374479604793802 8.3478167582125218e+29
-58609205283761576 -66087953287413864 3.1232882211679972e+30
-19080324885437128 -21050015835601100 4.8480327904786577e+29
3119279120463142 11489104565662814 7.5505571387457464e+29
-11568307656470514 31512748892065576 8.7292704405144948e+29
53846873437246040 -2919392595844771.5 2.0376746952055855e+30
-73459030840499104 17515389926126474 2.3971023514409712e+30
7779734083438222 38484878972467360 3.4897047161219892e+30
86348267229000112 -65962264435148336 1.9525015511353616e+30
19991281780112768 -10715664849949714 4.5282056207745169e+29
-3108632563861601.5 -30259796349689348 7.5663012812310145e+28
11714659958557070 25550380584614196 1.7911028388174597e+30
23890597285754196 -18445686672085512 7.0423011374024049e+29
-56593038036975224 76538862880211040 1.4665135889005536e+29
-24741412604866152 -79626006480576240 2.1621179435832601e+30
-6170928959138606 11361495792800764 2.5219116749227753e+30
27227875880813312 8482421164678213 2.2993967110095104e+30
19533224385580672 24088746843918328 2.2930363244982145e+30
35817905429452628 21867916958738296 5.12502033948459e+29
40524778328922936 4438192291159684 2.5295103460947273e+30
24760066094801020 -27359033296607480 1.255387241008585e+29
-90559085229733360 14126899800014206 1.2819383220956423e+30
9916728433947288 2480808646651553.5 1.7764295240730175e+30
-12230650006696188 -16290979907973374 2.3144124691082245e+30
-6333103829021771 48833647047696272 1.5016661595216283e+30
-48301321622959248 15784781409302492 3.8170615496998361e+30
2214587116083478 18899686744860916 3.4256320694816517e+30
30011209800366656 22562149093884140 3.1583639352107853e+30
17055615509418644 -6306314206675742 3.9649721552687855e+30
68278654628868792 -42449124441562920 1.3076857974419151e+30
37257940206661376 1.0026130595399667e+17 3.1565496991925734e+30
58408440586617056 -23364323064806864 3.830348548728748e+30
79562781580520448 30752657924623840 1.7515805712927331e+30
82057747815023968 -59686843112520960 3.8856523235004754e+30
16049356127257294 -2500670845587620 8.6392152185992696e+29
14757341055095318 -17534996588190536 1.6720333842337222e+29
9815310643113972 55834138917796640 1.824971111127257e+29
59441621967693176 -66264680399676376 3.0438008488642987e+30
7425862677685320 -53858769433379464 3.5807704936053055e+28
-48461628414587176 19149203433389064 6.0769135955272963e+29
-10555717472395236 19892867510346916 1.0420547816657254e+30
-14836612060061486 48680680877100760 2.8156198821408928e+30
-33910122390203180 3875405617030886 3.2913391018366285e+29
-81371246015457344 29540982966613892 1.5505694623664745e+29
15663295448393092 14340097587819104 5.3799650037239014e+29
84779679166096272 -67345824146729640 3.5274666119829158e+30
61568485203309000 -1.1914405322911597e+17 3.6492713231066568e+30
1.0919637436039179e+17 67815367249150192 3.5827133715811957e+30
28981987095278324 -52155865919951184 3.7824387853980211e+30
-27863307617017144 -35499093547151684 6.247387421077908e+28
-62332481133640448 -12630526970384890 3.9871842233024619e+29
-32503570441062340 2515433348654382 2.7422467337623803e+30
12922510067179026 -23536058760809912 1.2793821176802153e+30
-68159647913203600 -1130755384645313.8 1.7678162776060527e+30
52706787664028928 8814486260716486 4.2940627912294003e+29
-16432664772677968 -5689266842859068 4.1432057530729387e+29
-31328043710207172 -55145144785322864 2.8331157688570382e+30
52437346742442264 -12965141889257280 7.2625322712207365e+29
-66936201040123968 76319041505643104 7.1239737277205082e+29
-12669541953680966 21642898046773324 2.5291672432869067e+30
-23421424203318444 3375935129195269.5 1.2605743814222177e+30
2371680615177933.5 28214939116046760 1.6016153722995294e+30
-22582468238271856 -14898606268602424 3.8736054812989355e+30
45250389954854792 6828253564947658 1.6412123008109057e+30
-96079252925211376 -65263971259278456 3.5599419857356766e+30
12261219872854638 -185566876611301.06 2.0500424947105124e+30
14416026403788616 -98397973683679984 5.3039467288647446e+29
-32205905677105900 21464818202394868 3.6285694500653567e+30
-16685641775107920 -25822287746618588 2.1430054524726629e+29
-23675547690256748 3757556711719301 3.4796236112186365e+30
2385173552546082 10003568445661124 2.7599458073823141e+30
-34705798135768204 13337744832637270 1.9177392733355938e+30
-12920582470170954 -9534612679159182 8.6189917685100323e+28
17542620843249570 -6993505765967022 2.0417349753844087e+30
-3424337363506754.5 14007729929176706 2.1132030965172525e+30
56690600833147520 -16108375883244456 8.9294281038583289e+29
14098123394932366 -2410456450371314.5 2.4333892408842511e+30
44807619450394192 -27417621757571004 1.0150278876020178e+30
-30045273380623248 -73189883530541456 8.739122312327723e+29
32072073244632720 -17753934729890278 1.9696150041479474e+30
-67802935202754624 72967749496179584 3.9715679879512824e+30
-70643894993309472 -2431915717672613 3.1182650324047859e+30
7360588329067314 -32657320758963600 3.1326497620783644e+30
85790853660767680 1.2559859801313024e+17 1.6148872445551951e+29
29543419255363936 20529478968801608 1.3748970382904574e+30
56145789206220096 47747949695047424 3.0037854221039473e+29
16352047907104296 -34811056254001688 3.7415398713455067e+30
-31417035977241624 7585538368175277 3.3917803205047845e+29
8256719005277429 4266381686642486.5 1.5734937484608518e+28
61363398861004808 43149059135834376 2.5853022963704115e+29
52720483839133096 25755880363201316 2.8366938021665922e+30
2505377457416632 11925310639252182 1.3120277608300036e+30
-45014096113335296 40374568632863664 1.2991584456000269e+30
-11799396104718494 51729916129830416 3.8715991552182082e+30
88187266298523696 52097919435242552 2.6339814944531878e+30
-34932485301906616 -11134727939100876 2.7722645481498156e+30
-55105290385041888 64841363246774624 3.3713005024694762e+30
-27644408886120220 36060738849880152 6.7669143754468788e+29
39730687186645200 1036951828545555.9 1.536140433560872e+30
7244679204351208 66123736474584152 3.453182053054258e+28
-1855590278446454.2 52801471291247280 1.709819277500632e+30
-56278184800803368 -15987013300086816 2.9273177981931904e+30
-16009250203275742 2285509888990252.5 4.2619667670004891e+29
-57780769397348360 -26948854257727760 2.7499405853163116e+30
-42598379193232088 70073670997768528 2.9501761380950124e+30
95643188348768064 -68444302638960496 2.9986299892128323e+30
12065906945866416 80190295643611088 3.7775098568111167e+30
-32734552449303108 43407510272630536 1.4940210927345665e+29
33854456599335124 11883952177777878 2.7392130862423452e+30
1492728132264022 10803988133544060 2.5178471539525179e+30
-18075236907533292 -28341679299104528 2.9433980470192653e+30
-77322666683480000 7326456002545330 2.4189699242734985e+30
12764913990235882 -782856056317438.62 1.9901637589997488e+30
-18201648276130860 37873327825974512 6.620002357862343e+29
-4625904593234465 -57301106640392768 2.0082836147167619e+30
27527453442362148 15391261406283008 6.2196884867590281e+28
97536023945412432 -85403557746667440 3.3131100146131068e+30
-31545870971509196 24191881647749004 2.1218100205806329e+30
29667938477659272 20984275164981184 1.0331366281406447e+30
3345901126161700.5 -23401280739148816 2.4311665079152807e+30
-42581388546516824 -86587440773756000 2.4915410225385785e+30
17889802727115370 34357395896422692 2.525473194498632e+30
-31269238037167188 -35257232192113768 1.8980239986443597e+30
-34345440703966304 63162505504999736 4.0704521294053342e+29
6105590681072028 72402834193148464 2.7498038990126475e+30
-5686882914788929 -17570936519444168 4.0284896577974128e+29
-5541214778219744 21212325037714088 2.7418329988855083e+30
-78529584882869536 46483279252639176 2.6906892570140933e+30
60996728410743064 -15570861262473176 3.8885136773890258e+30
-75613253373908496 6416906879624941 3.3014083183670338e+30
-9856347085941942 -33587147806864664 2.8139588815580182e+30
20403976295712836 -30174419588079768 2.0818730259011581e+30
4679325389944610 32567917833774376 3.9409439547798371e+30
-25304365022695320 -41428679062459744 8.1980219306536461e+29
-26452854649856024 -77352394572440736 2.5682211941109802e+30
-21809772058511176 7895395329278331 1.7786670916453407e+29
64725714601918624 71547622286188592 3.6317390346643143e+30
7414958204846112 5142295897106881 1.0655346108309143e+30
-28845330944775992 25304006819281620 2.0923868518053259e+30
9768024998227482 48711174317746032 8.7952623699841382e+29
-63928428147397992 17185730616652868 8.3973472526875991e+29
12136804310054982 -5385609321760091 2.2320280244753696e+30
-16563730325485992 29035171739265964 3.0998254796995895e+30
26492064401195864 46089913245255992 3.2341246208847597e+30
-73036076862929520 79832626687806032 2.6738516468325538e+29
-18891116600124896 13419840929785024 1.684383461496785e+30
21774477085142360 33009634096428556 1.874574581187811e+29
3640182167769387 34636015575624432 3.8544157271617177e+30
-19031748188171528 -2580114978362011.5 3.9669128771230167e+30
-25958949683670632 39465321911395568 4.6802720851537175e+29
-8842782169877022 30530526669421996 1.4025351356594223e+30
-18125029531612380 36337560950202408 2.3954393956293169e+30
-19368076349357184 8693903982915049 2.6261860125161231e+30
26635908688057104 13644914632913696 1.2768971022360608e+30
-33253453799624664 37521337432871864 6.4329604603752166e+29
-33480406892931556 -978698856510164.88 1.9521856540680292e+30
-24334266969251296 -23192997227865756 8.9695522377488198e+29
42574326501970696 89831439158938992 6.4698173476949471e+29
-15711719455223050 -75585435308253360 2.6485871722372707e+30
-43804061954178736 52386600550300784 3.1181487207759665e+30
-64705994807764360 28149857311588568 1.6214075135445325e+30
-21871861395227000 -24949989366758812 2.6098151543847268e+30
-29152251514455108 -66913113170312560 2.72966800157728e+30
-18991323606909112 -4176026745348691.5 2.3548248704537913e+30
46251182092609976 24255451390551236 3.1275764771262172e+30
-31489328999815488 -76122287856666992 5.3681171612457084e+29
11654717998720408 -28095354326250104 3.9737611349891125e+30
-70327697439544176 20078371819352404 4.4687212703312856e+28
33692692079666356 -497970581074824 1.6277583200011538e+30
-12875768138482152 -23652841931892700 4.1128668230572256e+29
-5941514370587014 16792803498204430 1.4178620236729866e+30
-39502616760469376 -49604226458348416 1.8375507943734029e+30
-6047085934316763 -16119966580680568 2.1475870397509373e+30
10095309608001404 2283891820899492.5 2.8045835289390744e+30
-15481873628679768 52631069499055400 3.0655013928900254e+30
-13272088633964324 -17707804889762032 1.7392095751570133e+30
-30904979292984400 -40408059942505384 2.6245841374076912e+30
-32989118508944012 23372088290068192 3.5916027970842616e+30
46951698512108616 27529715329761008 3.3396680320074126e+30
1.0852455647624166e+17 70423605439064224 3.2189529457148545e+29
10064445836080492 29247114303466804 8.7846129441061051e+29
-20361745305938356 -54470261994149768 3.0345620573798484e+30
15604935192508562 -45727183232212496 2.8023990259035851e+30
-65716160768332424 69801128195490296 5.5828756706823421e+29
83301485298492336 -42091105028502072 2.9248270941766806e+30
34799859864466728 47907466116196728 2.8051100033064626e+30
-89488845003258016 6720292586530807 1.7224079787282275e+30
-8461904153301309 -20087941944746360 1.7454925376362428e+30
14783738321490874 10338574426578208 7.8342412768753744e+29
-32888850829134000 64331480626989872 2.4636996448520288e+30
-6498309453916759 11033716781555706 1.604821339073369e+30
-18699595018871556 -25195670161743028 3.690614839686027e+30
-47730240759020600 -19276125875977696 1.080465518465192e+30
18339822662204128 23813993002694584 3.1687631006414827e+30
-3654514896778850 48770174006085576 1.6748015342349387e+30
-44763709433763376 -30803492770911712 3.1847809638515727e+30
-63854237786792272 -14028585577690702 3.5734902279359372e+30
-19155482511788696 42795021881436584 1.3620719639768598e+30
-51088985856943512 -42373795272527744 1.4941894784609925e+29
-5546708172200377 66941748145006544 1.9608653730223476e+30
5501831567462838 -11636368385553770 2.4244182702319252e+30
-89131695852225568 6949153238963198 2.7876934005850417e+30
-18466818673611460 -26354671762317632 1.0232076125367366e+30
-10482338193624856 -12001904849532708 3.1988086043852208e+30
3776725200800420.5 8719322181863504 2.7685923378637936e+29
-71947356026641536 -1.0437963195861046e+17 2.3819997388328044e+30
6283303542371506 -28810349785272976 3.4518158520234284e+30
22979932871839644 7683591162092434 2.7532660780487523e+30
34625305371804.801 17856930153701312 2.6048077569669905e+30
-56247325382431896 7540454591003078 1.4070722996122308e+30
39319359648139552 -21838828882908328 2.7767253159462356e+29
77080262179399504 97985911060468800 3.6323059335424434e+30
-1.1014922483295688e+17 49555364741472360 3.5601060072297264e+30
-65673061533648568 88717745625626496 2.1194177191992152e+30
-325725062134812.12 20743518383507796 3.1823840485996132e+30
-1.0318844132749368e+17 -86699014046869104 1.2383318983749e+30
-5975337752417910 -16182894641310578 3.4462541400905104e+30
-96812994220567808 1.0595488387924818e+17 7.6783402600325935e+29
-75543769125768096 -39141562809856448 1.6692301396339682e+30
-42269908074388920 -22179734004221844 2.4630557444753023e+30
478864908851221.88 43701601179146032 1.6895186795663503e+30
16521662776935092 -15827567239655160 3.609482176935193e+30
23870833740554064 3368417231652000.5 2.8329806158247601e+30
7489861437267918 -32654901048770856 3.9763256701338688e+30
35522930506612264 -14720683252707578 1.9437030981924156e+30
75099612587829456 95490049085603632 2.0268088745813187e+30
18942732006205084 -9060522270530104 1.3852375559292986e+29
-11383282338808854 28989158004030316 5.3546482792707894e+27
18087852413934900 -7781348415088149 2.6695296316813615e+30
-25560853651162968 5444765492810324 2.7278180953586238e+30
-15624981659637574 -70961269349213928 1.3813257432574282e+30
96224723310753744 29316964585498452 2.6009901942574706e+30
22885856001154492 -16061424558371706 1.3935977603045209e+30
-76678358989445440 26828593708196584 1.777075636725993e+30
-11763344967911822 -10724798368373856 1.2718710453856541e+30
-57057873312104000 1475783424074591 2.375711703275336e+30
-31530661378476600 -25309959069184060 1.6589836075627525e+30
-17125086839299192 -26059912918657584 3.5723542124084988e+30
-79689236429704256 -64118955854696264 1.1578960111438559e+30
-29276180312337152 13589559744896652 3.1884178747256323e+30
10605660327869334 51896305619516824 6.4108773356211431e+29
-6283618665329148 34131615017064848 7.3378950718311117e+29
-25111649822485756 25231212344352692 2.2715775887259781e+30
-20683375722210896 -460502627739122.75 3.6327060999636981e+29
-41798057850930280 -6721668317970986 2.9114162717338915e+29
-6125088209182443 21948573995552788 3.0365075781419363e+30
39174544054956960 -40261426701137128 3.4651352684584986e+30
28231933629557368 16924759481902882 2.5366893745963617e+30
11819877407335420 -28168283173622944 2.2419964631746115e+30
-24876498413960300 44934348519081096 2.0565168110074761e+29
-24664148118379820 62161415183240136 8.364895185845753e+29
67288643149541288 -44087119809580856 1.5595394515309565e+30
19384040820701740 48527601197403368 3.3488023024036919e+30
26560776547510952 -15029602969954652 2.8924031612043234e+30
-17118161974122086 48207919374697984 3.3720356044030696e+30
30151398307169968 25611064295351460 3.9247786985647823e+30
-59724768988482072 -25591829957697664 1.7282400822161659e+30
86810958377800400 59043068699618816 2.1936707923694676e+30
35199461473452580 52240270797599616 6.6500933620754419e+29
-3747541977875553 -51781160255146480 3.3288675066173583e+30
-52408466028087688 4508245753170538 2.8299852080138624e+30
-10289094805478672 -12191000835867932 2.808205823930523e+30
-11850057862444308 24734670976628400 2.8064521874281208e+30
-30200439331242056 19596360417919892 2.1197574947121427e+30
86456004609073024 27790297158669264 1.9823310631770718e+30
-94129672229534624 15493581524658276 1.611027993115252e+30
6605547357049485 -12872937544457274 6.7704677419214176e+29
17377064776489440 49079947766179304 3.3954658069387534e+30
-73211254545000960 -27894619855567608 3.0821755887720501e+30
72924483829632624 -55286137474764072 1.3155703620733941e+30
-86721820126435152 -98457683504841056 3.5490589931383637e+30
-46383145549567072 22609666927284004 3.4602969143063617e+30
-61894940159088960 10958771113330408 3.56100594339286e+30
-12022296594668006 5053534911623904 2.2988503871141256e+30
2264310828506681 36053064849204112 3.5582382567422921e+30
30610953384633604 59603894418633360 2.4893249630725834e+30
-46179231490288240 18273151201752356 2.0327575485978726e+30
7461365028033599 -9897095454720406 2.5016823581593611e+30
-44237121503372824 -25289004878659000 1.7257148541351051e+30
56081175566429584 -1.2203150576199718e+17 1.6830334766494485e+30
22812843578031352 85327364754908144 1.7107484057502819e+30
11404396480800896 -9674476825498686 1.9585707568066543e+30
26241855451641936 -6348058785781783 2.0885427672790359e+30
13473720804919154 -1639436954455203.8 1.4816814122668437e+30
3306553135374361.5 19766614617840860 1.4229284763452878e+30
6033732666040049 6539086156498358 4.8708130645318027e+29
74500420190722576 -71172893541213400 1.9715825391122446e+30
35530128080647820 41700742874236472 2.3978964231386661e+30
-64314022394772256 -26670656047906728 3.0796756966931622e+30
48710317657320672 63142790255994896 2.4606653238220584e+30
-22915366067636276 -40052147374492784 1.7935673171672974e+30
1.1474106988263302e+17 73565109655064720 1.6754129011738703e+30
-6202105321051373 -51652681477446952 1.1796790986677229e+30
-45576501152925064 -17640127684433504 2.8461490823871473e+30
-14281732051624290 -50324697758094328 2.8738663495715253e+30
16542830731399624 347726588072881.31 2.2607642007837396e+29
-11074989162681086 -72442195700989728 3.2006455641516789e+30
-22752650253182064 -43028726945057128 2.8312299774975764e+30
-37152995644634688 18166535055752356 3.6937184372037231e+30
16609114563429338 -15208595758595920 3.6188402830804856e+30
-54704417027897128 -28931800132458804 8.5672866395072716e+29
-18548812235623844 -3177333086272434 3.5124552625900387e+30
-98451911623764416 29029763365944460 3.348509170615637e+30
-49211103137777440 13582818490873186 1.5577580859935449e+30
24442317380068280 -20050731422465020 2.3948151634479243e+30
-5415064223276799 24006889294330596 1.7929457479083954e+30
-38751797469814984 -61553148675138896 1.5890539857586796e+29
32122102708968624 -39515317031444064 3.4010346420685604e+29
22763800335385188 25278272224748664 3.5195675719085817e+30
31949081793030924 8302750912907506 4.6665885610473572e+29
58959101729818776 11204219095108632 3.3110390124969351e+30
11660244791826892 -79118004184485584 3.1440048999860267e+30
1633480106788736.2 -22218646157867080 1.0507015587051645e+30
-49438430403722848 23418699492739724 3.2031222763411501e+30
80903972534557184 -43472068114861416 2.8189337937781213e+30
36939370805229264 93340348590515424 1.3838699357445901e+29
1.0531989315115909e+17 50083799731274272 2.0279584618307272e+30
55127455027815888 -15644160845588544 1.157224365247333e+30
-4343133612799764 24844017492422092 2.5536710336269361e+30
-22754809553976368 -17610219314743802 3.3001647133563261e+30
-17928329886706180 56630379680732128 3.2992288196659812e+29
48735655449353584 1905948056196573.8 6.109970369409509e+29
-36236587952474352 -43921391733737576 2.4739080498029672e+29
4768041563703335 70865407748189328 3.7889889916797643e+30
60224702076737616 -28983915194484404 1.4419945828306339e+30
18668924777565120 -7915633731968626 1.8489226963531013e+30
426003472897736.94 11737397520743016 1.5748355604515281e+30
-19039911725014580 -51946730403042856 3.3144937614580678e+30
-23755270343781748 25203951223100960 2.729007152729327e+30
1055252048567665.8 11189840923032304 2.0352502367318342e+29
87500002271264176 -66965248147142944 1.3025435144531531e+30
9146677770648364 -40905221426964216 3.8493419660787876e+29
44307078182778328 -40449461408751912 3.4162519704757404e+30
20540118999522600 3149725580802818 2.7203450887257448e+30
-54928121298901936 -30521652306443956 2.8660816933718774e+30
12689565181477208 -84540963630977824 6.6987460787340045e+29
29701511374783480 -28231033776269188 4.5632561545875248e+29
-12717488984680448 -15994472998179140 2.2561792363565577e+30
14321326333766630 -3085997061146024 1.1811763617025883e+30
-32418461201314144 -11204030993549746 7.5493423575372021e+29
7912698965322530 4626680274788663 1.1211793798997414e+30
-73609967701822208 -41517245779885272 2.6154562993135809e+30
10984408648773114 -6547323020754209 1.8024122013231558e+30
-43994083435463680 64867909393070968 3.7729912246934072e+30
-26076323158131988 7668682517662159 9.9920856445559968e+29
14876114148670222 -3394202055687103.5 1.7834321592296146e+30
42176584567659360 24696055825582916 3.013352425705101e+29
64765262045859024 31137945696604496 9.5710000962595759e+28
32673650262939440 18932517983417540 3.6067209484709871e+29
-15532621180296096 -33600520036790064 2.3171851097388665e+30
-27780975982892772 10155219424645766 1.7801216921331182e+30
-17961600008803568 -25299300394516516 3.7221616347441034e+30
21134702931342732 -12658429415712316 3.4374709851015664e+30
-7299721436875708 -20907455437646296 3.5710377648427667e+30
-11005345807095022 6223999995278382 5.8692821911839177e+28
-8649516745087588 -21657397129479340 2.8175158135237787e+30
-58064984449773376 -22603459661644676 3.2032283734459399e+30
-69351443579208720 32536433805865424 1.7828397686389686e+30
23537440436356736 -17550568684001786 3.8644687146803676e+30
-15417966784070088 -50101606959240704 2.9764902383488587e+29
-47565436360400856 -51546147031140896 3.5439453801557994e+30
1.1701491982497501e+17 76302621360054512 1.284440676213043e+30
78300927956174656 1.181377242690429e+17 3.7536340900118736e+30
26031240975969128 57900916666484360 1.0105055331305914e+30
53932527872992840 -9011416822264528 1.8916454859083482e+29
11545182414969022 -45727119645879488 3.1087464714088169e+30
-9954507277295350 7398198341752806 2.3539977658558235e+30
47293372671322072 -20582441026410968 1.2618765086173126e+30
-13126594109812734 -33406271140237104 2.8550906637115825e+30
-6944059543017659 -15323577312940024 2.2278245566850384e+30
40885763665791600 -9688217696948272 3.5000209362245425e+30
18538154744249900 -1.0143312405584818e+17 1.5141723691338474e+30
-85264198008580288 -5103885847694805 3.4859469872187494e+30
-25064552716260216 19252791008167788 4.7717611984050487e+29
-17213954240822888 -67263393664267448 6.2685110580141321e+29
-52759863019641408 -22074192368293852 3.0043131844473331e+29
-15457039409206072 -24551765638344636 3.0808154407073731e+30
12808592192878114 26177928771402740 1.647980242087572e+30
29303521141428172 9469347451094392 6.9874030275303436e+29
12101103591621494 30593183195564092 3.1278920975947653e+30
64575499692350856 -31250399747159372 5.1249480782399056e+29
17974266475295330 -6676943520434798 2.7869594576295243e+30
-72557740076170672 -92828481799847520 3.7197219334529107e+27
72966107934096848 1.2103643230834864e+17 2.2563546032399431e+30
19384105670060504 2820736914013038 1.9353418498821677e+28
18813567642012676 2107857297484766.2 3.1290970031304402e+28
1556591705147082.5 18364829895395216 3.8422907690810643e+30
-23081026154274112 -12418609998536086 3.598478567830803e+30
8408836650495742 32976828458528392 1.2834879284175936e+30
17169375220045062 6745797276316405 1.9041975544228949e+30
-9438700221523872 19188127393420872 2.6912460549714288e+30
-27196325105009024 9762677240316438 2.8722537006084413e+30
-95671444223151168 12936309174746106 3.3844965148818833e+30
-24982283758841344 -17218548533947862 2.8235354799083573e+30
58430659661735136 17515247188906408 1.7267915860493553e+30
-32652051553448364 38233670679791864 3.6344151613113679e+30
29002749045422160 18860887518533988 1.1055993394575523e+30
4069734525722163.5 -25205879770859164 1.5746650376496339e+30
-93668580235127344 93921826168201536 1.9309019090335436e+30
-16340725855350228 14586095909927230 3.9727806154134213e+30
58067116664386752 97033622318277392 3.4021926874450465e+30
19106907379520304 -3275174637576081.5 1.6421583390672778e+30
26680606335442920 -46976316507565152 3.7721714158016607e+30
-16808044315678434 -68562840851466424 8.3538366908441505e+29
83079234720769008 -68304286797473048 1.4399540746472141e+30
-21394227097289628 -3981606489845779.5 3.8923456080712192e+30
53263811931818480 12225345590362332 5.3922595784571634e+29
-2623140673822326 14268098998620082 1.8019689117701697e+29
-9520450355338522 36626158538512248 1.9428624047495647e+30
1607620011428528.5 -22200278441595912 1.5965649314079949e+30
-19319529370072912 -15525669942767544 6.0235016770191701e+29
35120483964962432 82938137078261104 3.9776676631472071e+30
24561135720932776 -20448310780114692 3.7459214562845046e+30
3478551558175672.5 19900812400786816 3.0567834848951326e+30
26837327771449824 -9452667638289350 2.6990790310354936e+30
-1.203965828369036e+17 60415641707470152 1.6541254368521946e+30
-33388677204791256 -3853131935944776.5 1.4452427681387227e+30
-2528820133563952 -26704643514368804 3.7490545799272447e+30
8002515203156665 -62175866385940976 2.8322008241808724e+30
-26843469179900456 -47589799643701856 3.1770618715615908e+30
3724023645911553.5 -30195393189601688 2.8091570988988072e+30
-45785201645661016 15579700228316468 5.1637880212795776e+29
14354371258700578 -17100077304829394 3.9392853099794952e+30
-60705395880847240 82106915791336608 2.8312131792417647e+30
63608735540228320 84174752904807024 1.5492468643924633e+30
21837211013078152 8955542997943482 3.7749437922374022e+29
1.2772707458529099e+17 1.0214099344332288e+17 7.3900735059867888e+29
78286205440775712 34394026993296500 5.0442548857697193e+29
16608408434102364 28093009180886676 8.7447391965943415e+29
-55882411477261368 8066971863907736 1.0401030239905178e+30
60508867061927048 96562482987278960 1.393122357919156e+30
1902844069749509.2 42974234513614072 2.6476228256476191e+30
2389839302102708 -38718699679315808 2.2468894986973782e+30
167032563163185.72 11960212890874554 2.4825457105903576e+30
-93771685790757024 67318356991769888 1.7759132819286471e+30
11600818089253458 25483273917426488 1.4034463042467812e+30
-50724546155090816 84167682200411280 3.5828765815539566e+30
-32496997922391008 -57240659012003696 1.7362962431371519e+30
71126875020298808 -47066845090767512 1.2354802185929444e+30
7727878628102879 12835387646685768 8.7005085199266922e+29
20543368727025832 63198554056535184 2.9248238041320913e+30
4442593603001639 64309310365824328 1.0929809735174829e+30
-15051839899054136 1338820888234725.8 3.0272241836518564e+30
38017786799619424 -14855503229947582 4.3421355068472933e+29
16996186625674298 -77129576841969.672 1.0062404222398866e+30
-14721712411260366 8828903938593230 2.0778938664857993e+30
-419259789841187.94 47130123101228808 6.7182541480176344e+29
40023384504430552 -1230574234125309.8 3.9510542505555055e+30
11215044604941746 48068138645488896 1.3988581186042629e+29
19157414920610288 -5420511370280850 2.3591722128458756e+30
-10373495636867666 17795615372383466 1.2601059499041289e+30
-71745583037197808 38718552334540176 1.9616925955042795e+30
-28345291312401560 -26544242282827452 7.7520796684284525e+29
-22746438792093684 -10804319034202558 2.367987943379721e+30
-77424810283523648 23026749134108652 1.5830446948415282e+30
-58647484740387408 -36042641305162656 1.1377953931308354e+30
-12657083508137004 -31656857664572364 1.9583173234985167e+30
-9338118560929420 -62710618983430904 3.4610958245906181e+30
1.0729066313573429e+17 -98534858487142784 4.5484488507077343e+29
-6211623777257821 16477082172426762 3.2352778938757077e+30
-4772116467952674 15930523462166486 1.7656191944883432e+30
-20539497310618664 -6667570801409851 1.4947222382958629e+30
-34031522780856940 4378550260183183.5 4.9257681029346951e+29
-29145568779101356 14307634398522296 8.9117307539799753e+29
23906175941891036 9067375739020642 2.6812358453176525e+30
18833790510208772 -8894282777270678 1.2557494036030043e+30
-96550619653702688 45002804569757152 3.4189006068601915e+30
-19120965336091184 24136133541724064 2.2939864917951107e+30
-1171309208179357.2 14109373823747092 1.3281244842871464e+30
7824039230268510 10011462652890256 1.9483506427866801e+30
14199817989149702 -2537555859000248 9.9429144960326065e+29
7765111567734318 -9850553946566268 9.0183219142911641e+28
14780801071203154 -40561597106612544 3.0357619850855275e+30
17289677596215662 28387852900552140 2.0673694853099439e+30
-27710915705915740 -72073721616336176 3.9256749178691274e+30
20499388193325404 -74713077467766896 5.2383585742429119e+29
-44853993177313344 -17152666638650664 7.7846385211556133e+29
1352928307229119.5 -49310130442006056 3.6124089512271265e+30
-63349281386609032 58940960165823440 2.8458201381065666e+30
24756170363743456 10401216447936168 2.1859622119678166e+30
4614627957848621 20771069911284560 3.9067712941115166e+30
4301040291768367.5 20533661887481232 1.238932833421037e+30
63478196114474232 51572228986719608 2.2472310334119128e+30
-9151928505065834 26641298983481424 2.6014869690904839e+30
-61231397161159344 -96230149510194144 3.3947747627365499e+30
38184040677596256 13043772303443374 9.2698938603376273e+28
-38057671360615440 -2699340020543068 1.5266607265539567e+30
-1591353322850603.2 13434354191547222 2.9210967212293429e+30
89044485887714432 -65792788985927080 7.3040918899767941e+29
29757010867148408 27266269526636596 6.5063458841864442e+29
-24616093050999412 52306890782217328 2.517240524839097e+30
24932093392273760 41774477261882784 3.5172974630508601e+30
8195862686257001 4330354047938672.5 1.9209785404709591e+30
48559175527165032 91363840110560608 1.4576760240831338e+30
16276554472479784 -5236511046385026 3.0641355135077606e+30
36226926427253624 28915531416984076 3.0936074680643111e+30
1.1128770456076976e+17 79919248596171856 4.97483946327657e+29
3863820951210260.5 -60650865487643080 1.1136624468376949e+30
24644817890773068 -81658909077606160 2.0545506882262971e+30
19007587438524976 2348744961240310 1.6116573172880724e+30
-55700607594311600 62412689994539872 3.0450158540886885e+30
-24703614445069788 5357771066412309 1.1812762109044e+30
2104270315127683 13835168683000492 2.6354844405654787e+30
47724815462972376 82536328760103088 1.0047389019287996e+30
-27806669392674692 -36876938771464008 9.9219055148724134e+28
-22451680075830948 58429277166286240 3.6559247028185773e+30
-16406134385580866 34785437030934124 2.2782919375279893e+29
-17865645428710504 -25094405070209884 4.1536728406242371e+29
-53396981982632880 32263858481725684 6.6287524506240431e+29
-75668571137744592 -32296202852343192 1.0272477189246929e+30
20722365889592596 -30143456818633316 2.0510976581499404e+30
-35654997705694884 -23031199907803516 2.2906285926463697e+30
52730822334848568 -18786818015519736 5.1745256091323284e+29
11357975850168712 -10404629815114386 8.3590092912898061e+29
51980482705734720 1.0700274881745059e+17 8.1158848569772927e+29
-29977644859319936 -20181112825244212 2.7419593577000311e+30
-20866932025780836 43379628525805328 9.5204284135858044e+29
32309209779407684 57414703688395248 4.9608747896071982e+29
-15193592518687874 -55819274191703528 1.5867715560947836e+30
22315998726420976 34298335664160640 3.427357378515793e+30
-24072183432405444 38918486389322496 6.6024855144608403e+29
21049126500285056 4985570477811109 1.2357143256676066e+30
1914010643777537.5 -22416936188524012 3.7779975647941166e+29
-16137563440305566 54860263865775008 2.6673155310867485e+30
-7521217282252496 39316113107794288 1.0242375101938696e+30
-25511302933731728 71698892080562960 2.5605020175447355e+30
-20141265811939648 65348249116778664 1.1306149052202968e+30
-19925526362805732 709995038588730.25 1.4080489850832948e+30
23761640393179980 -43085387884296960 3.2694802409220178e+29
-45145085791661760 -40251002645221000 3.8754891251070972e+30
24297306980689532 -16381403080135574 2.7159056997098529e+30
46253332006896840 -91906316146435520 9.3236155031446393e+29
24791019824184644 10457389825999374 1.0204406531311942e+30
-7122262679758362 65062049265177040 3.2440422721861424e+30
13256322419033266 -1374659396458178.5 2.8302046710931431e+30
-25918839169039860 7391265747879415 2.9600142073992465e+30
-29560873015430420 15632026114011048 3.129064147264223e+30
460255283954714.81 -21370365691762956 2.1207796240370972e+30
-18700251653081328 -27366681738454460 2.7425435830473478e+30
31613327104207884 -22875682140309384 1.2957316680889119e+30
5788214365374979 72957042222273472 5.2763571266218526e+29
61996630834292064 4921771887799594 4.9901105725998487e+29
29158507820110528 -14939852033257822 3.7253828017774219e+30
1.1881607323997744e+17 86021931464270864 4.9507777707417013e+29
85940357693988848 93402419893474272 3.6917588147160137e+30
73400224145320704 -59117617706799600 2.3083762829189441e+30
-2899108476159286 -21191601940776444 4.1381362441475506e+29
15123302815794134 -2207517294250238.8 3.3174632104254211e+30
36351496344891024 13792071233949180 1.2724232868501423e+30
-2804355500671754.5 -18851323154034048 3.7864832608131081e+30
-9782616300240012 -12682282152928742 2.0211574845872608e+30
45615905453605072 29792376475116572 3.0184046446357033e+30
41270734054716024 -18752227781953144 2.9380199486846738e+29
-24987895195993448 -17247596847060980 2.5470531311548134e+30
-29961634123067376 20143012926125392 9.4311325024456924e+29
41515888355001608 18118641602201508 1.4827715229424182e+30
3599109953884444 -23570449118612232 1.6158636562321267e+30
2077731394558263.8 -44017219700790960 2.2845436371606338e+30
2123608179484734.2 25020914654364008 2.6314856721848057e+30
-51760381587960720 -5309782322174992 1.5871552476851454e+30
9734009278898316 24336345408974580 1.269399050256178e+30
49995828940477344 1.0435606218702419e+17 3.0560688748822207e+30
-8523670824738234 -13876850188448048 3.6521388412600475e+30
-77816738812965472 -20885195594977620 2.1185048494260693e+30
12167650742812500 -37326571371715304 9.0741748372947688e+29
-1.0714202696707315e+17 -82926333813562768 1.8313430259510021e+30
99221610987263776 56738744246831424 1.4361612764051848e+30
30809922552508464 8910289942826755 1.9442471121170273e+30
-13751156981273146 29190517184539844 1.7086730291120498e+30
37986494314368672 -18016512591540720 3.7014938381876415e+30
10194050636315316 -82919214263139904 1.4083243733636224e+30
-10752429708600986 6509787519332123 1.7400698787793795e+30
-6050153937934247 11481732996374878 1.9054256105031361e+30
-41716139020615864 75560060470938992 1.1416305998012323e+30
5012301544747428 -21735650574346956 1.8825370868750466e+30
28013575221505044 58520990956519120 3.2860025603307596e+30
-25614313833099608 -6764156349390201 3.0442019047502267e+30
53757362830664528 581630265772432.38 3.461959940337894e+30
-41930461076758736 -17724637038980154 3.6817164178670282e+30
-25182539594077864 -18561472757642356 1.602566492333373e+29
48290189123003144 16610667479548604 1.3576243718292109e+30
-36691340021449728 7454579092859376 2.4939252172685605e+30
-12468079167583544 46648483432494168 1.9630977654654526e+30
-31627713668304196 5480370514082043 3.5703691020507018e+29
19594733388544476 -66734857236059856 1.6864383773315834e+30
10390301509911346 -7133114079545598 3.1033707799015716e+30
-1080785682037220.6 -41165272315433784 4.5151381123615804e+29
-15157819550511866 -7128238017561081 7.1631990050685341e+29
2336597364087162.5 -14267484277691366 2.5829497813120515e+30
-25240872775829872 -19547944027341312 6.5785533535392454e+29
-28618096697160888 12891467800232382 1.1079487378049273e+30
27999672717870840 9030241960989582 3.9468215491476259e+30
18949361554864320 29034481907636236 1.908947848061541e+30
1989467648754034.2 -22469970524001120 2.6568807137927214e+30
34173720654049940 -16932118182430984 2.927684344070951e+30
-26699671317515532 53091974334667544 3.9663651738142628e+30
8343555981064512 4174921190507905.5 1.5591238501200736e+29
60316822258230608 -37258175086485632 4.8567620243115712e+29
-1628718450433206.8 -37346618934408328 2.2052053530524111e+29
-94159311060031344 -60473501278659512 2.0400349566784583e+29
-62775533068372984 -23272713584118060 2.7954079699898752e+30
20854645759782316 -78418380612281040 2.4167433290871305e+30
-99455504459237808 -63947944655392232 8.6632404568870517e+29
-73159509945920976 -32919478153230716 2.1424342680677639e+30
-5997371276678871 16833235960949858 3.3097143373913277e+30
-6747458496109346 18078876990550036 3.1589431145162092e+29
-577547684917627.25 -72558797339664080 3.8805957030735139e+30
29931598086192596 -16118021695227782 3.7443422090821214e+30
15825465398528422 -4632362419411532 3.8026183186073861e+30
-207097285178437 -73352045230874064 1.5502503763918535e+30
-25942546152924672 36529844059301432 1.4206162173829181e+30
-5331651240277402 -22546266560787040 2.9425929950880116e+30
39604263815575880 52152298410929520 3.3497228642181335e+30
-16249872795475334 -33949344460821584 2.9345167776219974e+30
-48605313169038840 -95126287088875904 2.6313238922939775e+30
84572703925980704 1.0246089066583293e+17 1.3135221637010046e+30
-78261985352309600 41972460222789528 3.8474948533089445e+30
-35478807593058736 53659072201849080 2.5723878980858657e+30
-26691664780886184 20968504122844272 1.0702184698085853e+30
12330706727533110 44828863872347640 2.1948777837801429e+30
17970777183212292 -30068937208822880 5.55278167430298e+29
-32384677930713068 1669654193421559.5 1.4548438715564077e+29
45572537307636416 -14060811593414062 3.0628350404724931e+30
35620981101600772 -17555281551797034 2.9976311808551771e+30
-55617285838791200 -21278180306318024 1.6745896868440217e+30
10930248427592712 1350106168123362 1.1650303160132947e+29
25013050772497664 -22340321762753664 1.8782915599034122e+30
9666568279992360 37311789270128000 1.9960355982179076e+30
30194834563309084 25001106283540740 2.1702649232063482e+30
22754978395979128 17858890383522174 2.4526957969752334e+30
1398334188620811 -84582320977146752 2.544595328360103e+29
-2778254613540393 -48723261590033608 1.6766911334385822e+30
78740526269700464 36454838133249872 2.736920980305326e+30
-9805168316380754 19422668454925216 3.9585939653816172e+30
14630046276728796 -3080177315688561 3.3520034250960407e+30
17865954658366116 -7458248790703539 1.2769873115150527e+30
46740785680591848 60846168422755416 2.2911586269480029e+30
3341508054649933 -18626757804028828 1.5916607642220539e+30
-20184964644101700 5269759622443238 3.0362030461572303e+28
8641502149780884 -18862947632681520 1.979744138898672e+30
12791204428808864 331969384737869.56 1.0817520857399616e+30
-19519220267689036 18744454262488424 8.7152447057326814e+28
14933049765460250 -29351766888627808 1.3625350885631576e+30
19048647648078164 67066402589589544 3.0344527709915197e+30
18750386440090636 -8767677356374584 8.6143443151275247e+29
-26860059391879748 -3876484861468787 3.7684583180168204e+30
29616351767857696 20791151810952660 3.2090250827561434e+30
-1.2587935972592869e+17 76959480818344480 3.5237399198582636e+30
71924350970688264 701258147170098 3.3298115169966705e+30
-10504664059502576 -22603445485707300 3.7201802221320798e+30
12635883931371172 37504289882987992 3.8628494209031554e+30
-65373535720737856 21681837254713460 9.2533653701408167e+29
56958389235183720 92804917434627040 7.2685234616498696e+29
-43005038233345824 -90008799208084016 6.6504757470248136e+29
86442672754051168 45452062035310760 2.1979902084851685e+30
-8782839745665436 8667990512211838 2.4865303753930829e+30
-76165034363315792 40389384306862072 5.457691785656736e+29
6491659401835111 6081435420194421 1.7687530771314824e+30
-3974576831525413 -18859577870851876 3.304909726323626e+30
57264646941185992 7090331241657455 1.592122395215672e+30
65895357970338696 -45838306147197240 8.751493679052101e+29
18875879112527520 63848911186227936 6.5897846507321245e+28
2302904808818176 -40257371408392928 1.9337255666969177e+30
23785765490617580 1002122582285725 2.2715174697594578e+30
-1292587857678809.8 20557727590495680 3.3699295946065311e+30
24383762044913424 61259044375203816 8.7854262155298047e+29
-24628387860854064 25241943030688064 3.7823747456222081e+30
-50347401084610080 11434304226091960 2.7887303179877365e+30
52263709355426360 28429728483994800 3.7823014365742812e+30
3045959905141147.5 -90300481822569088 7.447021358040505e+29
32391666803735768 -63404743668608968 1.1127106442941612e+30
-11472105504310190 -11018804738095918 1.9600057984973332e+30
1.263026157724239e+17 84963726264375232 2.998335888978945e+30
9928517556927484 -51406198059205944 1.3608117396146006e+30
25399113587440688 -90192097955618544 3.0459956311487671e+30
9507188153408240 -27066413120394140 2.1899232647718232e+29
-1865629919880542.5 13658235354458750 2.2751210527973466e+30
-60925901033529464 11173745181034442 2.1073041284876133e+30
-24264588421825656 5253746678154113 2.1856205502317859e+30
49900415354058504 1079730222333946.6 3.0234658154224583e+30
600973191079671.38 -21473717661293704 1.5156049475718118e+30
-22135757305740264 24974125347495484 2.5491481674269228e+30
3943980311517741.5 -34606301605758748 3.385082908546016e+30
24503126009067340 30199782941500880 1.0036422624707345e+30
-19216177837148596 -12365146974977106 1.8163210254442391e+30
1364308698877261.8 12201871010291980 1.3170529127453256e+30
-10085262758619854 7253962655840277 2.8447118583232672e+30
-24932444173909928 17966580764936650 1.1240883642961122e+30
23012879798561264 -42722211341632432 7.4609812524992681e+28
33441953568283440 10304788226154668 2.4642881110665073e+29
32821473640682392 -13642523137318852 4.7426922255121344e+29
-59679350202838208 1325773510898802 1.4454892910238055e+30
1980663531931724.8 -36827480221278032 5.6702118091813787e+29
-49027961828262472 -76853612749709232 9.8730436459133098e+29
-22265106659441272 -9817749775401038 8.8336431239413154e+29
-55354743658351128 29416350028657688 2.9550928987814338e+30
-1.0443749308705168e+17 53342249579601000 1.7259476630061355e+30
-48994581140528456 -26791369993424696 3.1499318864916433e+30
26220633517298500 36054431418928152 3.8847730074937206e+30
-25328144301141712 -48584906469730984 3.964525573304856e+29
51861971292376936 -593452483796155.62 2.5607567526991084e+30
-73361870302872320 29157633596292680 1.9274695876705586e+30
-4297586880509240.5 -62685700590303848 9.5219096672725054e+28
-13950677283518442 34926683402709384 1.1054382056020131e+30
-27590254102406040 35689610091892288 1.5971647862573898e+30
-9523787585799374 8541409401599680 3.2626091222486476e+30
-28067322859474776 -5020770738665795 3.8699653835697393e+30
-92886898517710896 -79661558173348000 3.0229810069678255e+30
-15488174485077186 -6760325099449894 3.2300412176181379e+30
1439749873871271.2 18268873217245408 3.1912556451044871e+30
12971364510028608 -28649953703641948 3.8668268376016953e+30
37333134376469328 -30817374132312292 3.3276125684213742e+30
4100685628456634 -23901130215909168 6.028742801537182e+29
41377322712952056 -34300970538046860 9.4947754721342431e+29
20696309432388652 4515572136524806 5.4014144658191957e+29
-2393892000298928.5 17688831584048904 5.6615825711851357e+29
59301032400604920 30131662857622564 8.9333567476798575e+29
-3445783142653618.5 -71262643036390944 3.7592299614916913e+30
-27780976283801964 10965160948991476 3.893830057170312e+30
-15697936845102566 495492575715604.12 9.4396419118102522e+29
22803303881275160 -15884149380714980 1.3868152067878469e+30
-9172836719380134 19015965704090840 3.4845078537378492e+30
-8864351319673388 -13557284327423090 1.2947182780324212e+30
10083071779747166 2544632251113097 7.266647161149964e+29
69507785799557960 40440391216272208 2.0567632634728551e+30
-21349200322071312 -6360212748561811 3.0728203617038109e+30
-9594878104041314 34559638900865688 5.3084762812237686e+29
-37515956993944376 65039298717238032 3.8962973761326995e+30
28000798688427192 -43079548387723936 2.0769915769685351e+30
-67677814809789888 -31249016362505008 1.6601457077410306e+30
-32048361014485228 25548527262199496 4.856256818564254e+29
26453606448596212 41138639763045840 3.6805540160437221e+30
18172659035847160 -43818115994127768 3.6180153335188493e+29
6010769480756602 23033559971649460 1.7992354242074304e+30
-12883333022163634 21260673263041212 1.3813773256917889e+30
-23750097586089644 3870488571259559 2.7852029224987538e+30
-3276836121274845 -18395913743874224 2.9015555677387515e+30
-43849085495945664 -24970813365923316 1.9293386662646726e+30
99589667553647872 60239304237137960 3.9240134043434641e+30
-28529702952234348 -21622674350606168 3.4410843346454709e+29
47558836565132976 -37016344688151136 9.0476621458745885e+28
-17037897243785180 23321809624073688 2.3734472341737319e+30
64404774918418728 55176593479808848 3.5069621175988091e+30
-16367072288319214 -5764593427191926 3.4118829185930025e+30
-2904167517568507 47521171158707104 4.7801948170077547e+29
-10712263919333530 19989195821944548 5.2454505424943119e+29
41255167094313664 65203971675069600 2.0688743471721352e+29
-54058800906828280 -40966356392742208 1.1825783619315374e+30
-76243311299076704 -36768181424463544 5.1398871059438787e+29
-79251009115906176 1800666270946112.5 3.7042638158957935e+30
29744793933250952 -71239813315323056 2.3700471439653871e+30
-6788591383354494 25779174220580032 1.3667538946243211e+30
-5098600534319033 -16942666863491190 9.4065345477095059e+29
-21385480404239472 18660028890916080 1.5510538388882297e+30
-3706916876607700.5 21154488328046508 2.4166787989863712e+30
-6219402911002211 -85494563281743600 3.5386905164533906e+30
-17931519181753310 -3927168211033056.5 1.388986723692434e+30
-56424457370581408 25114335807732280 3.8154401608922121e+30
-72033806055656672 -45966516107380232 2.2054580964899253e+29
-16984914609120430 -64466368294029056 1.4775536630420629e+30
27073872594845504 14480722418767188 2.9308640228815728e+30
-89310780836139808 23310005340596756 1.4977409499511458e+30
-38970887766918816 53931801413162016 2.5679696867046509e+30
34231886861881228 4801931286518432 3.4130913620653263e+30
29381067506907588 -11399868954964086 2.6292216671477024e+30
-18746901258117012 5428620076519213 1.4597299189512096e+30
-7497983025817801 -14822738691564018 8.3940817159261292e+29
43202946398176624 -28989618823634904 2.7070992298866654e+30
-68451965293996784 -46279018920854592 2.5268577724161972e+30
-15767971955389036 -25155251327417596 3.7971830485510539e+30
10506325261580776 -27563212665377228 1.3626381716460664e+30
11837172313862998 -75546397524972848 2.4178271369104356e+30
422184526204882.81 -21342329211853628 2.4687310043534987e+30
20456990936277928 -18566386649517468 3.1565498078769552e+30
11789326578414064 -28373132077955028 1.6472103171346758e+29
-1786031623657749 15501870646051810 3.5582876006399583e+30
31801989476999532 -87210847903833856 1.6020879627611911e+30
15234094293686428 -29444687536050596 2.3190923315617956e+30
-23058651589936064 -11480938886553118 1.9158455365299691e+30
-74558666492955024 -24773580460286796 1.055647223889459e+30
-1.1694789622744787e+17 56165040775365536 9.0064350214293994e+29
-24149011556983584 4482709436113947.5 2.678631830275944e+30
18676418902948188 37783287281299392 3.9539327709221726e+30
18580706068891504 -8511844437227651 2.7356623496586729e+30
17622420828295654 -7107556003379626 2.3769399565969505e+30
-13812661565739250 -11229015104820032 1.309241434497906e+29
22360752821257936 7581536744504988 1.8507458187886632e+30
27621481590107868 -46686151978102248 5.8093887268115804e+28
-88377304957347312 63247711449939296 2.5849871124159923e+30
0 0 1.98892e+36
