200
21548898990514252 -13407494882520082 2.5570797640234225e+30
60111440998057632 12698716909085280 2.3742659433036675e+30
-58572268757524432 -92527517473118560 3.0852902669575913e+29
5509866589713110 -93824455094257088 2.5104776767347665e+30
44074658235614672 -82905027231124768 1.8244653402731603e+30
27541350640396056 -57242216806342224 1.5260399080803566e+30
-84075027684616912 21872046017845536 3.9772014311916578e+30
-94873004987909840 75668495783522592 3.9437452523895741e+30
-14813408990677398 49982298246892392 2.1800198991977507e+30
16535733341792138 85255790400077552 1.121800731175505e+29
-27555440565067792 -3805247112392159.5 1.8705501645204077e+30
1.0594860990737331e+17 -1.0137962983535912e+17 2.8331887787262207e+30
-60043503667218936 6462039639764434 1.3472155334711408e+30
33969024178116664 70255233397856368 1.4776111423940696e+30
7297339998698737 7132754209648240 3.5599286262927895e+30
18630693922626176 33243810629600148 2.7457093669791994e+30
-93125124111241024 -64297919155939784 2.3829880341472404e+30
14739021957096220 5603276584812736 1.5340921522187817e+30
-11357503710741752 37989775971237504 5.1219587100499687e+29
44516976101675760 -22003232216170424 1.3733552711862639e+29
60475176868729968 31502948256388240 3.8753591172974377e+30
39632862046048320 12451159290941692 2.2961040239690353e+30
11140564601738410 19139982619563028 3.5376393843202009e+30
-46409993385798568 5822617841542325 5.7525857484201946e+29
-77844458452691616 98001423902963952 3.0627624832815806e+30
-16698745280614966 -5382211659864990 2.8224198750050328e+30
19935599063898012 -10625040195374958 3.060488866246525e+30
-22244046557289792 25623275960029488 1.7053861029959338e+30
7785863887327756 -11390119102901558 7.4382994217606126e+29
-31281444406650756 7295956333440328 1.3961872264176249e+30
-32805167909491492 -63029142178150192 3.3847062568858197e+30
18406447278698836 -30124988514509208 1.7805397329850296e+30
28873413333318288 -40960246810101928 3.9307319912780867e+30
64933430091179048 -45502437571151144 3.2881900396098897e+30
-48869507936763472 -61270819123816784 3.3957795204173161e+30
43001406288864536 -20927513617554044 2.6045613609904908e+30
-34066854772141100 -5450576973414811 1.0466936108352818e+30
-53371961569865960 2417334042037294.5 3.3653150759285331e+30
39998622531308720 28910202385618052 1.0698273447738987e+30
-20513928099803888 -65884906968190032 2.6995034213243258e+30
51550753633727928 -27941279584578932 3.9462360157655736e+29
-1.0885702386052074e+17 67947442616461992 1.8429976501970733e+30
-14408744472224994 -33799181574420852 1.3316080415730531e+30
27967922051348432 16329981511422674 1.8571220812207901e+30
-23203482570261840 49422081023137744 3.7542647980726421e+30
29937762058501600 26732619854679592 3.8382351026016899e+30
-27884059298245420 -59814873818691008 2.3420971875133544e+30
1175724126027773.5 -21891308147532660 2.2643986784179594e+30
41205272849002880 30289488044889140 2.8628044330393732e+30
-26842270120064340 -10696932207243372 1.9698780683765135e+30
50782022627031080 -24146371570765804 1.4266768102460662e+30
-22954266827016200 2687196894013295 1.5879097377620172e+30
59478622760939160 22948300069802756 1.2712957293730026e+30
-34302895992606276 -55816064600917488 8.707246713816058e+29
-518410474011438 -23181058102595248 2.3386722340934393e+30
20012202665268900 3621946572896937.5 3.207847758244933e+30
-33720797359657820 32211507815044908 1.5733729523444314e+30
39369412054309712 3825589534893829 4.6716019970598045e+29
10683028980856854 -6845579687434174 3.8557600982252498e+30
83310056674560320 31632146423145420 2.1403718352684771e+30
93080605887879888 41732496309073056 4.3074728891379469e+29
-64022404661465656 -10115597358097456 5.2498095416796828e+29
9175197381192966 27502155624962008 7.389258887353306e+29
6076292450776412 -40208850353238880 2.5812202558206946e+30
16065894876848594 -23140996137451600 2.225509419627664e+30
21705271680411356 -13697844853043048 1.2349219170558502e+30
30897985080098912 13186036095238340 2.1559669461596084e+30
-36158952110029440 -46724904503829624 1.9299063978086779e+30
4849989852888343 -43289361376903168 3.7507808002704586e+30
607659145522770.12 -77680162025193744 3.202760572987382e+30
67454664361842832 43739312788828144 3.7772916087026967e+30
-59221068662167856 4895848617882297 3.1903457928259276e+30
23907776242398868 -18491330450470100 6.3089268967027859e+29
59294323673524832 -24310297922101572 1.8480699682004459e+30
-3463903881168973.5 23955496863619184 1.7220761364128619e+30
24857165656446916 -21587021578231360 9.4916011952180134e+29
-11468648024888780 -23053115022660408 2.4017802410515567e+30
-13275661744168442 -23810093453044524 1.7420910653351895e+30
18900602387978664 -83227452876693040 3.6342391993797408e+30
-29041894689399056 14011193869308824 2.7598376094507595e+30
-91659721763208080 -42927703627994672 1.0700094868938186e+30
-56794824213350056 16057717157628522 3.0537740647438364e+30
-8440054009211520 15155329861355196 2.9951930319616123e+30
-50500801729407040 -25704865469410924 6.1421336598505876e+28
31490343714971436 83133447022329616 1.6999360033713411e+30
-61044169600759696 -24396810080793328 1.497215241758015e+30
-30685970732718976 -12097514733343374 3.409084154918252e+29
19306556605258392 -2626267661774554.5 3.930966197606861e+30
6042664832788613 30549528472270044 1.6678303227104172e+30
-78557585507981536 -14182804818067412 1.3875752177759774e+30
-66746583040825688 -47819619945430616 3.1556180893579262e+30
49232358120940424 -25014999960996388 3.2998785229420873e+30
-47331927425438568 -97417564104916032 5.4569178587465998e+29
16105525694625234 27865200330877656 1.3563404007859831e+30
-32631999695411476 50652036851547904 1.9013476734931327e+29
12449499755803726 -42821963120474448 2.2157381942888209e+30
7999067359462845 14030815737186202 4.1813330025791236e+29
28008644980679184 -17602827544339234 3.8756598985415377e+29
25724219763171740 -53034846099804880 1.9118222920887011e+30
-39336368885522416 -12220735654855050 3.4640598182241972e+30
87215915352477264 73455754323009744 3.8028536905925843e+30
-13910166017482004 2782281053828504 1.0190518257298355e+30
-9684641297681596 7694251864437818 3.8536976806834776e+30
-46586587200440408 81238226975913680 1.1632478952490321e+30
-261756681319776.88 18340186892913460 3.0183110219216899e+29
9339409832423880 23598808760842956 1.1672465669641915e+30
-19554106626255804 -1923116159709346.8 1.9985490418563698e+30
89887105597971840 36489295130378632 6.3457616485444642e+29
-18325397776383940 -3450433176834405.5 1.0032450755354154e+30
20569684924580320 -25344036800376360 2.8726687190914336e+30
2967895854119780 25115345604522424 4.2284410739555984e+29
72882312233654784 48834900311688872 3.3847672378420406e+30
-3394778540938099.5 34198285334375808 2.3130642694853207e+30
7106791758160292 -10218193573487602 6.6254442323519832e+29
-9692006543635654 19350588582400140 1.3568145348188624e+30
-9372590518336738 -24243804379780464 1.3932397054974593e+30
5500057771879836 -29587694703501256 1.4459171649976114e+30
-40749559106294896 -16553438795683766 7.1771730314823604e+29
1.1655274702552718e+17 96162923352629840 3.4794921666287387e+30
24958357440663664 -16377266312394412 1.2345402487953666e+29
-12499875582130382 -30044824805391184 3.9101581166269884e+30
855829717629350.25 34542020462523012 1.7004254715421212e+30
-58263065248049232 -16523992018722858 6.3957383385689215e+28
43690813788561936 -1.1156147594199272e+17 8.0377038001460445e+29
-722283972243990.5 -20484673515433148 2.216407178972417e+30
-7185340300948734 -45366141663783936 1.3096454092173742e+29
-31214064412773200 -82522124122886912 3.3321040280951826e+30
15060301497414978 -32602791061042716 1.5424588581602449e+29
61665236632195000 -39191292196834976 2.6357613943156887e+30
-32225104695501876 -28096508650986016 6.2315739068646343e+29
-47298675162492480 78195607601688992 1.6743531682706739e+30
-34028359848271752 71622404608149360 1.2791094044228384e+30
-24553089169759340 5117352717693342 1.3852330981315235e+30
5767437816753781 14078794545841354 2.8508167517667205e+30
1.1502654560277779e+17 91139891513155328 1.2102087393119595e+29
-7199191759841927 10322724934394610 2.5687520013942642e+30
54940241268515864 -19214389388737632 7.6895970695058417e+29
36182025782265736 -94460126156803392 3.4698030074695891e+30
-46969823200498656 -4322939819681696 3.5138687622692455e+30
26663626472551136 13696700117069014 3.0204411662863854e+30
-23260604446122504 -49478354026570776 1.1704216985363417e+29
84090888048648336 36273280543154440 1.3830415257594234e+30
-46359446407788592 10243577203920526 1.3470823962705208e+30
-20153158267761264 24473649029870592 2.8955205405497581e+30
47573575896527160 24179366193838392 7.8751361037646632e+29
21300522793976024 -36018403608376340 3.1165631170160491e+30
16681837737457444 43433703124543072 1.8317132245509655e+29
24973956960652172 30195772385200656 3.71950098082312e+30
35457564198904540 4482622258905922.5 3.0007240086477562e+30
20666929230120136 -9268657153786864 3.8961891269012495e+29
49242102705051864 70706108334980072 2.7548904836173323e+29
-1.1910975337180667e+17 77192814436901376 3.9720901871062766e+29
-8368023343475421 -48352334274467800 1.8936683202277073e+30
9996712394660828 -39538675041112384 2.0048766432667807e+30
77493293843270400 93235166456723808 2.0203092191641044e+30
-20180128611832440 -42391346446807648 3.6611048803491898e+30
-64544094096219392 -14946995898108438 1.693666847697724e+29
76704255616302368 -38169441489479184 3.0269427538483932e+30
12634672536182718 -4873014081792912 2.4984620542495504e+30
-11835280153098760 27167543846781124 1.2620429861175777e+30
-22584760551665512 -6500955713331899 3.2436268416394105e+30
-47930661222822288 -18567501024409232 1.0504699524411544e+30
20685542788585208 -4519832041838397 1.7273281832462743e+30
6126838601360227 -11090917313204280 4.8532200720713519e+29
65872475434688288 35849582724005680 1.7073600420972058e+30
-3614093691517774 18840794189280312 7.7102554244107125e+29
13695627281610818 -84124503767876368 7.1521681391449955e+29
10787672311954106 -7519479221325278 3.3682777018551149e+30
74000202539999808 22593592743047784 1.9619396564014218e+30
-7597684518512413 -21077248128664552 3.4417262099617353e+30
-77058042913868944 13562465941572002 1.1213504385235033e+30
-1326776649174922.5 -59564570295277312 6.4433539121455552e+29
35221968257858532 -35763027837186672 3.5202793864004802e+29
-65491013765569120 -2529148471439941.5 5.5472003357448736e+28
-89426475993210624 48054968267571296 3.722277448844596e+30
51526686254725504 -9627371384545762 3.6158682500798017e+30
-5457128412409614 20042807473932308 1.1435203993360113e+30
-8520739205858607 33452878575827424 2.3954011667139598e+30
3721307692703246.5 -23651555259740788 1.8022012876557592e+30
-75987702145098336 -4551888176457932 3.3256237733410914e+30
633208579822085.88 11558058197952794 1.3143267551775742e+30
-18422735432373476 -28072023421708956 3.2525820304627128e+29
-23647578198222660 -52353876305637712 2.6998744619494467e+30
29312628657696460 -10644827765999344 3.3143635331300365e+30
52637106528995112 -1816885259797443 3.3776088193242346e+30
61274137895069432 -34872979291463520 3.9076691166684149e+30
-17613300751711324 23563173046075980 8.2126627544495132e+29
34283429237573248 -26656713339421168 3.9289561115227994e+30
-76192354390017328 -21500212949723980 3.1768018961168486e+30
-23671536590232408 -40254851579452952 1.7703974139417585e+30
12060113527794534 -28883238901539956 1.6887622704004894e+30
-21123786238750940 126894115775891.45 5.5221149099451392e+29
80053528509479680 48374510230895688 1.6899852350868412e+30
-17465958871818482 -1925366175364375.8 3.7365576121659591e+30
29946252203472964 26702402461946344 3.6196461868874759e+29
-12576999055427840 4400024454567429.5 2.0835540786579045e+30
43057697906145240 -37047869009635952 1.2820744450643766e+30
-5604483299968155 11922259863922846 1.5996795814264977e+30
46283251384217760 -5772295197274425 1.9631214399104783e+30
0 0 1.98892e+36
