400
70923878610446440 -31735715828201832 3.8723265987969979e+30
-24312686513940732 1868124171356105 4.5590960196773798e+29
-94718660811339568 -45640010921354520 7.0607223801741054e+29
-74517274228199616 -19450749755963588 3.3764791746200774e+30
45625325207182632 -14434269405626532 5.2327432262556311e+29
20814105690100884 -36208962186412440 3.5989657667786373e+30
87809122854060192 1.102138367898412e+17 1.8939054362267006e+30
-20680832488799732 36817869285839472 4.8629363257403972e+29
20706036231427528 -30145359998041576 1.1172473313857052e+30
13091388276424166 -4396934929196204.5 3.2734617534490616e+30
10222708261819180 -27425290439932964 1.4340570922030613e+30
25091503995470152 -22805571946221476 2.3241871077010479e+30
9477902982895900 -75836433158042224 2.1138950714523559e+30
-15816909459860092 40224697211199248 2.5387580117002186e+29
13756726801921938 -1986928406604619.8 2.3145620168592159e+30
-1456107090951430.5 -19919726420896004 3.1114425233098515e+30
-25740772471054072 -54553117662934640 3.2797170291176996e+30
36806832941630536 -35038084167757320 1.092865912141597e+30
2692919457375483.5 26528110915969992 7.2075658786616428e+29
-16915528977652262 -54456871925386304 1.872157196624889e+30
27230310433934824 -20930973187130480 3.149016191808106e+30
29951841593965716 -58859139076158832 3.223681378376918e+30
-1853243304012194.8 -17415166640262548 1.4280209145793797e+30
24713731909051212 -1.072344248016988e+17 9.80281779342572e+25
21274395373093160 -20395064856075820 2.0688266942747018e+30
18598900056027916 27735788277930156 3.4386200087427066e+30
49353762892509224 -26429145440519300 3.7305718062705975e+30
5544333296758701 7022371075960388 3.8863475310156714e+30
-9294752718787110 17203758189145628 3.347973215612821e+30
18078300490909912 -7767368264350454 1.2984657287579863e+30
-1963294009748428.8 -17492622463529554 6.312194982356793e+29
1.2867225051422546e+17 99407352448890272 2.0890583647360633e+30
17772094786549684 78656608870703536 7.5528315282058867e+29
31626525674461392 -11678390833977660 3.4639090350519313e+30
-39634959795824512 -18809009262328228 3.4540767375601886e+30
58330393142949280 -91877007837769216 1.526750525435786e+30
15915860531276404 11954194079168702 2.6341234942359076e+28
-55158813073200392 -21111611187919748 1.002267969395571e+30
53172057303776224 -11634179494075144 7.7202167468481552e+29
-35486002706834588 -86238567684678144 6.8072785463493894e+28
9804355101621422 40035511770302744 1.7873982360304376e+30
-73330410623210544 48510427709551912 2.6306203445714349e+30
4606827006117823 25165816254954912 2.6346077446720079e+30
-28058853553558264 11572836332043858 1.6683377186818822e+29
-16879670061042428 -5172044922598334 3.2756430855118758e+30
1724422231900034 -33746786704094196 5.1851380985093354e+29
59007935602203272 81030005983567712 2.5589189290615458e+29
7671076635053864 -83876386372716864 1.1193713129718624e+30
12265415127975884 -5253823916200684 3.0031698398417284e+30
-1606690553821725.8 34625271949943388 1.1086076955639763e+29
-29099945449844884 -83623737922938608 2.6140376814687537e+30
43967313675371928 -2555649378288324.5 2.7991139037520616e+30
-3993069200966825.5 22347496451661404 3.4602298396244041e+30
23780421779534788 34443030088137044 2.6128876040956023e+30
-7692883217772835 9814177301450514 2.9235276928545738e+30
-69429368573066000 4599071330618885 3.1445704203652779e+30
76796401925197888 7215775547745844 7.8323834728878621e+29
48901819478746512 94093371823629536 3.7606798917176793e+30
89075731998489952 49500789678896280 6.3717142388257053e+29
-12296222045531786 20928973725932032 3.3972256639567726e+29
-27676479731898036 35718550424911928 3.0853153773257081e+30
-35463161688268072 29813109355857364 1.0626276456886154e+30
19667636483315644 -9251244082406044 3.7897053259962824e+30
79321806628107904 32011503821029804 2.7243131968302425e+30
-29494790244990508 7201327270419301 1.2630027684662638e+30
-9887798893921932 64057915070218976 2.5659145792766593e+30
-48216750904758032 -2622169932460191 1.2831535253874026e+30
9247726880776126 7871522406702201 1.7520616237800335e+30
-41319544396716232 -94737293793439600 3.8872741606936599e+30
21425558010298704 -13181501823596708 7.0302324606283196e+29
29720572098607220 -28645964680960556 1.4387109257625462e+30
-26627620222955300 38448384497601976 5.283666000730284e+29
-15621374914081832 22679074726574088 3.2492880210618177e+30
-67186449384484432 -52483211880469432 1.1291601709591194e+30
-16414544873665546 48762935409814960 2.2438941784436425e+30
-52216998409077056 -44688540021175768 2.7138581857425371e+30
-10272267820848228 -12207423287947134 2.2439201265119206e+30
-5439226501997207 -22206893754165044 2.9225825834685538e+30
51340141660412712 -23300757273653960 2.7985565092916184e+30
70943946584357080 -32187315926518844 7.88383753238051e+29
10022733991241882 -77765251045523024 3.1625606218034465e+30
71696849773210920 -126425099665380.95 3.8903924125456533e+30
266817680992404.72 -21227581762606748 3.9313314834417584e+30
72779202659605584 -1.2661019976551624e+17 2.2543686437607213e+30
6474606245536770 -72675273521925152 7.9978085617143864e+27
-81468936609449648 14806041308967636 3.3514598341060034e+30
-18567625541591484 63051486732636528 1.9825658211154564e+30
18587838203319744 51467835004782576 3.3514170803572681e+30
-38480410253989320 -76305985578461072 1.4367872438238527e+30
-24232524597093908 -62206057327472504 1.1777259933048081e+30
40803010976203936 9598041046459378 2.474184630190825e+30
52435583271488096 32396475305068932 1.1109708208742577e+30
-11083404061503270 -13295897752100466 3.7885612257764103e+30
-84378241443881840 -42399444609375408 4.5484659483129276e+29
-10298438107939892 19733240166367636 1.4956332092060604e+30
-97413867309677104 -59286654205354080 2.8390895403031801e+30
57798326445317680 -15803990169174042 6.6713942494326355e+29
21419857441209196 -13171119098234582 2.8915564547168556e+30
2238542270903685.8 22648878418820772 3.0046771282323014e+30
-57305424686040800 -8595658927756095 5.4126124055879493e+29
-6696136459527540 50019462084524464 3.2464922281250186e+30
-57291313033321848 52699751040131152 9.1170389193608137e+29
30200476458879632 24753458216029044 2.6153703594384168e+30
-42927764112734392 23357519290545272 2.7816400705597319e+30
-1388982940399315.8 -19971889074553592 1.5468968378053878e+30
93633994944839808 -1.1796850421382901e+17 1.4043387842921575e+30
16900297974233182 -52219987128148968 2.7601195850561886e+30
-36350448052788712 -29233770386127076 3.7739628101255255e+30
-5658799506463998 -39808406344235672 1.9819764563340294e+30
-19087153196344840 -2510982285451344.5 2.6783977799529017e+30
67005310893323624 -59284014399792144 1.3332503041343907e+30
16507662146812440 37426554482444424 3.017686380113405e+30
4832508954112301 16590359311008600 3.6935883211145965e+30
-45253530429918248 -83945536381362848 2.4969293822122774e+30
-10969362206776568 18174289516837804 2.4101084373312554e+30
46706755148314760 -49979923091330112 5.1194024891063132e+28
-25707493317516340 -29920389731344376 2.6939569395778308e+30
-30424718420290380 43401974360876464 9.1167333003251737e+29
-26201199612000500 -26217907959352104 3.8531796369849893e+30
42294214049401192 -14452339240264750 3.1795998096596563e+30
35427998991897652 -191593873955560.22 3.1432794000752131e+30
92956194943730448 79721667940740288 2.7767233436417992e+30
8730102883795674 79548753860845856 3.5116501090674329e+30
28651117085003312 -81267657452032592 2.7572404355790454e+30
-17375255479037202 45369611113441320 2.3501963423979093e+30
3410410947728478.5 -43415053366009224 3.1696073720110271e+30
54709711734024792 -36603685148422416 1.1096586403374261e+30
-447707401866716.44 -39427818331622992 1.0996196208915826e+30
-70311760528978984 6932502146838136 7.9934763713763073e+29
-1.1695345182093381e+17 76116474972665440 1.5637998742708488e+30
45630021599695016 -1.0448779191362522e+17 2.0304347774127198e+30
-50303596871982704 -21951086418571496 2.8203082896013903e+30
16745505951273950 34013919914423532 8.1702136151636159e+29
-63435405260461760 78352591910130320 3.4494162341096222e+30
-17037592024767076 30401552385984100 1.4840308031362656e+30
-85653814897006000 3336716656505288 1.6580434062132157e+30
65905570699173320 -17341945001829552 2.6000778972559723e+29
-39082734176480848 41545352587277528 3.9282403640737085e+30
72063753634371536 33163115399002484 2.1550506348779751e+30
-8095644891583021 -14274519942481998 3.1835977722500026e+30
-23268005558009300 -11954357909386928 2.0831101095384336e+30
32465417981743868 -40246612107576272 1.777126739001401e+30
-35560527956535680 -42361783745458488 2.1780176155525798e+30
-26429376133059632 27311633770451372 3.0562325144833777e+30
10642940245609740 -6885082508998579 3.431273472590404e+30
-11891768954905974 20695148993018048 4.5490505797772245e+29
-55825021316897872 3791516361515850.5 8.7665721062673773e+29
-18841152951381404 -38615697525529736 2.2762285797442979e+30
-10070722994707492 19590601858200392 3.3306627542144598e+30
2635106875307655.5 -22918492816940684 3.6051696875768575e+30
23279259956442596 -13693474105555892 1.2605931842861408e+30
-1817648490182246.2 16627058129120168 2.7592865858489504e+26
45826971228722664 -1.0560567475971859e+17 2.2038432482714971e+30
15517651705972280 67800149269455928 3.0812091662261777e+30
13656624731082512 -1863649590549973.5 1.1827978794780538e+30
35524839608917312 -2244001609990334.2 1.8418046713081756e+30
14463120743762328 -5564096839512028 7.8099035963254875e+29
-32538322456081960 -26444160234929456 9.3200213356261662e+29
-13563305767879380 -67647015024310928 2.2577974668375128e+30
16299201038487492 2031756521545412.5 3.8816319241583549e+30
-29129695105336684 62482023857314120 3.5733208646984429e+30
-5810911055941968 11718829980878544 3.8246609528463007e+30
-57130826840129184 1749444337119453.2 3.6498760251368773e+29
-47963147303970912 -20697221162125300 3.2155594324651219e+30
-18730438830331596 -2953844520774782 1.3284851260838705e+30
-71134856489703280 69115258406884712 3.6615036676817374e+30
63201087308759008 -5758201143343762 4.4129101434191255e+29
-30021558714612060 7296613818478909 2.041701904961809e+30
-27165495167439036 34737080173506936 2.6867684739897616e+30
21914167923417344 12771738785519684 1.1595525902017531e+29
9313086526777448 -8301121999473734 2.9520000374371394e+30
13251432415807004 -1368724898171624.8 2.5357146771661327e+30
-27143129279270848 9657598157710080 5.7153385393034398e+29
57427523206395376 25518696532634112 3.3841589949373493e+30
49743251548201968 13221531355344438 3.4712902751432588e+30
26022518484208508 55978517801086048 9.4998059301144987e+29
-14788010545516174 -75554069047943120 1.9663700254969837e+29
33442196198691520 -8155941689065559 6.8756948676330243e+29
19142704467993664 2517429507371741.5 1.4093060688227928e+30
-1597045202813465.8 17907327009425428 8.8998308199093584e+29
19393615903891524 -9759498992309352 1.7557075933658953e+30
-17159348592035808 23373740903761896 1.753477799715873e+30
19292836286770724 2705767479251471.5 3.9542101035190067e+30
-17055215288749568 -637310159634965.38 4.8490936383404758e+29
-20384149727632704 -17953952511665850 3.2727301254662027e+30
23349371684773056 -17102204806881588 8.317435791136068e+29
-8403642311972902 18508482342207196 3.1712465329357085e+29
-31104804397765612 9016396696993354 2.1742064138335416e+30
-23954672173001668 -13658106337303104 2.1836947566596022e+30
3651780356967125.5 -23891374258385776 2.0423447372397825e+30
53449116582873504 17085608173816792 2.5103825863985917e+30
-24139789714750596 35444475947963052 6.7883393031454175e+29
-64605597524229096 74441373715472528 2.8575562025699071e+30
-14737842701747236 -44604016440174216 1.8354768622830188e+30
-8505487208151505 45867337652651584 1.6010072555527728e+30
8673206305306945 37593996017903232 4.6406511086362022e+29
-78876994281846624 19744133330666340 3.1796298534525189e+30
782257448066166.25 -15479974477014248 3.4420049953248576e+30
14819284348525110 -3321434749883222 3.8757305579764928e+30
-51019432953030888 -97531585278552272 1.4394334293832944e+30
76815686919463136 -59629821288739704 8.2927516472076559e+29
32753492527401136 -20144251857275996 2.1278470926005674e+30
98021240457381968 47729611674272544 3.5513877294806342e+30
95538985018100864 43172771150887392 2.3881037002447938e+30
-39665432524851448 -18641198665829344 1.1011077223016378e+30
-35792809468381424 -25221144980485464 3.4375769991677259e+30
59208817068745752 -1.1428275085913102e+17 1.8747188213502855e+30
-37013467441673056 1379244376165176.8 3.0815640703259575e+30
-7829721211437067 -41844601637450872 4.7195897536693179e+29
-52665704940922944 -12465348785759180 2.6348978614974516e+30
-13089265274423868 -23935942003227324 7.7286295795557676e+29
22424157275948028 6883240711229558 3.7814091881704694e+30
53828202407383232 66453733978432720 3.8348405284783573e+30
34301159905815604 76605728440596752 1.9375095326881391e+30
9032795208095632 3441489245843102.5 2.5127427756513138e+30
74736163866656128 -71953997232741648 2.5220163700826263e+30
-16343742747472164 -368458422995615.38 2.2760830447224611e+30
-1.07760724193722e+17 32600588933047652 2.2386929083085857e+30
22912883522088904 -48761714062384472 4.3147374355589263e+29
-64469820361497536 66627147126328792 3.9240338060804447e+30
-15257661051724700 47151890544748424 1.6674277056906908e+30
-1.085430115449987e+17 50635341363426256 2.3489795809325433e+30
76921294476809008 -1.0270303746237386e+17 8.1997886554278781e+29
-17239316782932546 3618936359762179 6.2007039653961479e+29
92933562645997584 -73361343111470144 6.0021225601437449e+29
13139359071017110 -37549083544928016 6.6928832165369845e+29
-20968925232746544 -80802078470782.453 3.8976001816785762e+28
-34848504651031316 8470552988911101 1.2131053326574822e+30
36939289625833640 15609560242242124 3.033488136296643e+30
80115785435296080 58258276422984832 1.5121467519848336e+30
97674284852513824 50288935795386272 2.621429800148288e+29
-58051219887552480 2380317752418041.5 3.0422072178661892e+30
31875297253148760 -31710594242750076 1.8525654702880204e+30
56679129556891056 -1.2210953564719078e+17 2.1924143879024183e+30
90267993324318656 -73685448288883312 2.7134458231551634e+30
-2576376442242214.5 46282997988423120 2.6112880469061727e+30
-25734304157364844 -8145046385968727 3.0815440914312968e+28
-94533216210759136 7321278761010287 1.8899200341865149e+30
-1.0933659595615341e+17 36751788997662288 6.1846435085463267e+29
21658251887833636 16798291677705482 7.9747124961199069e+29
43054630429915576 -69700545142731952 3.0465638226650653e+29
-28495868832731828 12590293612996364 3.2389887506788889e+30
12954766467140228 -10277290085884560 6.1671178515339068e+29
-6428407083958938 63532440801723080 1.4812713135700228e+30
30993457555737676 -29265009130785268 3.1710688326150004e+30
56810282312421896 -2315188917626279 3.2845829873171559e+30
-2366143379247768.5 -70567816039603936 1.9344716236591111e+29
-2867054209744679 31184199839318200 2.2426841663815043e+30
72026095318983088 26488135374575476 4.8383100104296431e+29
-50612435439509032 -38739772575354432 2.1047499592052297e+30
-46928260549053320 -44232162472991272 3.2741455357068962e+30
-8226422685680196 -40343846070803456 2.5683924586650603e+30
-71447053232129432 -12434436101536204 2.1867102756608216e+29
14609063811435856 3461944079523292.5 3.9030462883135273e+30
2587375689550964 19198551020299284 1.767036186780637e+30
6997334598228046 -46210624561880880 1.6807517487054997e+30
-41300335590001512 -14667795015716684 2.8177813538530862e+30
-22735379758205964 33261391562964480 2.6496813057830352e+30
-33106046337881544 -17785927084096034 2.0177578515622539e+30
-26149805540220148 7799384867170792 2.5807039259058535e+30
27125151299404300 14581198744853364 2.0584615819430742e+30
10933785555987918 25083430414905248 1.8817615026933733e+30
-16341593359040096 39680695397385640 1.872691698815582e+30
-51617942959567080 -26218335085276980 8.1952881617520218e+29
7256253256872117 -69177856762823008 1.6798367163136112e+30
30180024962414052 23993784122484912 1.7056689389842143e+30
97196187161983040 1.2339783212701728e+17 3.4018820499068944e+30
88146795680969280 57177538612967896 3.1853723815226757e+30
33092297387161192 75725111619516064 7.8781668638092808e+29
-19540277050842900 24278966456703436 9.0442587990991438e+29
-23974974264959820 -5818419327855687 3.1213751144023969e+30
-25660738657698120 -33700941740491240 3.9951388853472468e+29
7556726573285234 -42320120775777712 2.0274734320145829e+30
1.1846099859803584e+17 85133603596679568 6.081908492104041e+29
-10874132725932550 45162786154251480 2.4751171292247806e+30
-33627484206149332 -57777399540748984 1.9932994546237137e+30
3777342041751806 27320037537219876 1.6528763186290806e+30
-486378634945535.56 12612733536256438 3.5763180101047434e+30
-43454688746519688 -9853502179213794 2.804622918231247e+30
-26292433552352644 8055460588267953 2.6809818667566223e+30
-45577014710932392 -1088249950618603.8 2.3122422496434476e+30
-70078943289644496 25567665551126916 1.8185642415537787e+30
-9110535798512044 -66204018283562984 2.8070796822586816e+30
3075722066257602 -13672557811378344 2.1440406374899794e+30
-50004921481109064 66805091124085792 6.0964857153750148e+29
-25785990288920236 -18959575699302876 1.437744561655679e+30
-20820974791976892 51863615102636312 7.8599570784188993e+29
-20765117100590156 -352236431184342.44 8.8687411231389611e+29
35666730604092120 -61379889094563656 2.0921050276608853e+29
-27712989923661552 56856016611888136 2.4043284930071446e+30
-4890962608926822 -25235326824988612 1.9944239224960841e+30
-62220468500689624 80516210962476560 2.8103717890958954e+30
44985704454819848 56434304058463784 3.7174507616813226e+30
21546659714798848 5659613038784732 3.4702565653419101e+28
86894600342609776 1.1637014750226645e+17 2.754142025114377e+30
-37966096712376832 72718899266567648 1.1970660926702612e+29
38556560261330256 -23053714573286892 3.7289979151522814e+30
-27256315890760816 4752175464145045 3.2408058562836484e+30
44662775356256032 23984880375130908 1.6812630362323303e+30
-5058637349839498 45425485649491288 1.5222721360335976e+30
51808127743988584 -8099507312530792 3.4943135799053229e+30
-27431542927716752 -23904704804678120 1.5695456790775131e+30
-33596049502695916 -1040471646938756.4 3.6763180907390781e+30
32553355748741220 73356477015337648 1.0605153960459622e+30
-18999463981049228 -26207481034407952 2.1478459005330038e+28
10772790012645120 1527890329627599.5 3.5321479559649271e+30
-3096900770085797 14311261254667938 1.4783557428791797e+30
3185990573409955 -71747191005602176 7.0898634372050085e+29
72516380991064816 30115135886604092 3.0704993351724255e+30
6593766583688488 -30656745571762152 2.7277473730501241e+29
37272438145018968 -11068547738200186 3.0295005005097824e+30
-308543048168306.62 -16299483842981466 1.3864120933045319e+30
18875128461612812 -47011718826296624 3.6339425639212532e+30
-35655772954963584 71204679471946560 1.4903197495863014e+30
-17426888132502510 1089928736749295.8 1.7475550623950967e+30
9755969067587558 24350334895124884 1.2298886923977831e+30
-5252847166007838 19768413195468184 3.1208294535696582e+29
29422555873716040 -60085902546751872 3.8696542341854682e+30
-22168573924674244 1563032355948347.2 2.1853220490855513e+30
13047981552215310 -70606224009073520 2.922330759666924e+30
3963066676379524 -12942693396404730 1.3820511300665685e+30
-16131462647458094 -82049183216146.266 1.8251214223480712e+30
-34127887607262252 12715223497948854 3.6082774050106186e+30
79214850764296032 -61035848444835424 3.902715321112031e+30
81657164118310384 -1.1492943464779157e+17 6.3365345135783697e+29
20777787926097096 4623543086983068 2.7875247689959415e+30
-25006313274604616 -21673373101655336 1.1760310221736398e+30
79211048490818672 23783133243502200 1.3337566027797674e+30
32025562490998776 -32461795474010056 6.5130395637022753e+29
24823336343100160 3044763599455346.5 1.5239246407565468e+30
-25950625079887064 7446968430101547 3.0963155129416136e+30
57293505397963504 -40413716084664856 8.0266475029579984e+29
-42657622228147544 75258338387361168 1.1329345179956307e+30
68867777843486248 -21265811206578832 9.4691989790175179e+27
59495376622866416 -1.0338002681833578e+17 3.2986067377957437e+30
75270194563385104 24628762463502756 3.6550730839382837e+30
4882715120087984 -28399717471176280 9.2047128753944983e+29
-1.1885086710320029e+17 72704184181652960 4.9554849828780023e+29
-43832239829049256 -17697453842464512 3.8776108700906426e+30
-21929016663964272 24932161101373660 2.0432612874851046e+30
7448769908987321 24009681479939452 1.9639571645348538e+30
-39654716640684120 -30430745519022360 3.7824699664763419e+30
-46823460071050824 -80625992614083728 1.9469301619690107e+30
-18314766261233852 -3463379991717701.5 2.1299761860410497e+30
-25842579287398352 -3983551709397518 1.7735606567801893e+30
-35029369578308472 -9016380880541072 2.7887131225786466e+30
4546209083276961 -19912160788225216 3.8082717518549534e+30
20371018651843656 50161379368566968 3.348342847820523e+30
30950280529919732 55831621869130832 1.0013831650422272e+30
-13572461534417548 -29367846494831464 1.1146609708656106e+30
342048792143433.94 11809792551900820 3.9418325465314437e+30
-55026375159922960 -16629553080172206 2.7575254155423989e+30
-74720560265761792 26341888561398560 2.8018980893569285e+30
-36987418997177496 9400419135641058 2.2057551966279859e+30
-55768496194446256 65784088078965656 1.4467298893412993e+30
51389534953771152 -17912606811539536 2.4928157123710808e+30
-48187906127733448 24596015200929108 6.9958877969777995e+29
-6426612940597983 34396567788800504 1.2442362108188018e+30
29958992272783232 22270315660524580 2.165369534376503e+29
-19633540806038876 24309690951934028 1.8833134615285983e+30
-67695061028181984 -45654533469836896 2.2322064025975565e+30
-28953509867009948 -13717263294380620 3.2971944880871148e+30
-47755162428375440 -39204983826762936 7.8016960946374951e+26
6874536073057616 -34883062811362304 3.4622682606337845e+30
-8902279159312390 -13521538972428542 2.7455973615265538e+30
-43713079855815848 16527016922484120 1.7978227747725555e+30
1858917652701085 -60916675058378424 2.4197266623517913e+30
-57355581302660616 -61434198269126152 1.7178082621732828e+30
55686353907624016 -1.0793897380232224e+17 5.2997631948467385e+29
24340662394662836 6428471532177545 4.3829413639809292e+29
13516836133560504 -1692169755197284.5 2.4988271490703362e+30
58577496899928656 18867727233799664 1.5329992060230095e+30
5900865057890527 -32968780596415536 3.8779962746075498e+30
-4321314173562615.5 -17602146114977378 1.3838172892619724e+30
14059386328822526 -2362156875908283.5 3.0043357213002788e+30
1.2934806983262746e+17 96718233982205136 4.4550412580819102e+29
-6555754447173013 30556508659383984 3.1737880712803639e+30
-1.0647625886332446e+17 1.0937010717792842e+17 1.9665702306248679e+30
28805551775953524 -78989474387610288 4.0195732980788011e+29
-49936648835131296 -6236119267819089 1.1562023741292915e+30
9692686720612172 2726490665834641 3.2507723180515826e+29
64749136767726320 21711332829450840 2.9689176804627273e+30
25703284379270492 11976205466130170 2.8989269308767165e+29
19085417809729432 2445817038462014.5 1.5734552859866054e+30
48944859273810040 -84386999319255296 1.3361075968244866e+29
-19780443091767700 -2108715868989115.8 1.9188290986139572e+30
16996992796800984 -6224585230246824 3.4337964739179932e+30
26725959920315108 -42168862955702000 9.5844878062853321e+29
21241302002365196 29733552892038424 8.2396911529771928e+28
-16484634892780678 -559907479678551.75 1.7751589283114463e+30
-8966407854823102 -19324528277998744 9.3199317848425417e+29
-34425104510465776 -10064035585830324 2.7017093479696303e+30
-43904440141784808 8571573594217692 2.9321034016166919e+30
-76264840109826896 82146344424927888 2.6889755448674073e+30
-2924358827620052.5 14507154906850808 5.6908766407721368e+29
35932816407474552 8771164481926507 3.6478168716037553e+30
-51398453162178464 13255734364482906 9.4816074538152e+29
89062477219229536 55496991625832456 2.7076672142911298e+30
38824749517840832 21574034133551304 1.7399539901262353e+30
0 0 1.98892e+36
