800
-54884106788455992 -1.0070546259351725e+17 1.6886941315799778e+30
17991640431007.035 -23487053627778012 3.4711415148255192e+30
29132256995823944 -91294229529342000 9.7326164237171469e+29
-13337191143889292 -30836826228199360 3.2196285849720312e+30
23076769093018664 36455473999831256 3.0710210708824108e+29
-25864523427333196 7296412758958118 3.0173069193348823e+30
-23118603453592240 -49939644353730408 9.1934689680182449e+28
29700179313664996 -8590521870105948 2.3372396793911661e+30
47643305213784744 -87072251840690848 6.893097060839331e+29
-2297455597540361.5 -38631430112605016 3.6309492764872987e+30
-5889180315325721 16754858341218068 1.0526490107875952e+30
84254968000115936 42594731127063944 2.4591476413379105e+30
60551545265048688 5569414193174215 2.5192129790442794e+30
16230794328483166 -54099729942027952 3.0403862641667898e+29
11473606162172166 730405908629868.12 3.2592909615661098e+30
69846107625343104 31486249992056984 1.8817497908415313e+30
10628175849306328 48923534665692352 4.5783709043817244e+29
-39644435887032960 79790937924699296 1.1393615575400967e+30
-7938446770287265 -26303839610692668 3.748810101427023e+30
43119250900537864 -64528856483942312 2.4710233655347459e+30
99443148368922160 33796312717048028 2.0829914426018359e+30
22116649893794428 -14484129939579786 3.5366158974430845e+30
-60952123257719840 7581843769028781 1.7746957140024228e+30
26079318135108156 33761962803250712 3.0378358679770049e+30
31150796236348860 -61577025427923720 3.5646511237655419e+30
22282463013230112 31384673515239388 2.5638612875220739e+30
5352890189123937 -45265649638041096 2.6990318549031399e+30
-56156727108537960 58132251614501360 7.3470305364539245e+29
-28526165687511548 -54635568144093552 3.3574042596164545e+30
-49882476181409792 -88363995722723264 2.1940509258110243e+30
19931932682125028 3518555599099280 1.3164284290072215e+30
-37126363427358136 -35314695842616540 3.3209697620907284e+30
-11202526113629176 -36789104125307632 2.1594757891925026e+30
-3121685818945274.5 50907482326608552 1.0669419256732311e+30
-24810588606663348 -16429664636186230 2.5706675388355426e+30
20522709789091700 -11598114949384934 1.2592712606500622e+29
-5959480607627974 -44011585272326536 2.7064484498492725e+30
72527349119244992 19436691375089388 2.5663727546886997e+30
8415073120051977 69895022159709240 2.738392440937306e+30
-46190233763140456 -28105707151073568 2.3610388273815513e+30
32126172243996360 -31760422269961600 2.0139054847414787e+29
25928692596839028 81065672044320256 3.8198400221119532e+30
-1.0796689226585504e+17 -76384973375002976 1.6282218913721372e+29
94633405832424480 27455154478138412 3.7429767562225293e+30
32992833856819424 -76993444935551632 2.0882115924988565e+30
94038329984359952 46958920827874992 1.0557136922618313e+30
-7718023035185947 -20582245872348096 3.6618960427534776e+30
992083469965708.5 -21758677565591932 3.9704903583472647e+30
26404629930210396 -16110675009986070 1.1252584628153244e+30
-36118547338429392 -15811792178829334 1.9356127573793069e+30
12366343551232856 -15695979027042452 2.0166957328802009e+30
-45490778595912056 -7633849362777139 1.6794226145530744e+29
-35977508008115348 9920405429842134 9.1368597558026857e+28
4177457085188835.5 -23951222251370164 2.2730793790444153e+30
26389928427727196 -25883911205528824 1.549443606747512e+30
-3081574060901569.5 -64712873735717432 3.2961840415398636e+30
11663403929830120 -28099212946001972 1.6867506398165283e+30
1.1302802734534677e+17 85555258243296464 1.0120596423653412e+30
25644517063776712 -14822066486888054 2.4685510001205542e+30
-7045022045147014 -20760455694940264 7.9556959464409316e+29
-17951671925620484 50525804853379192 2.8638544695258935e+30
10791745681025398 59921580549060168 6.5573288729262809e+29
-24269127582073868 -14551689402188086 3.6463389307772148e+30
-3483632451883091.5 -36672052963573472 3.4939465917576853e+30
-63065567385320576 -30853532110478900 2.5313177395065302e+30
-48700255880606544 -37528235307583152 3.1357940366959028e+30
-92020368456038304 -35049173921303436 3.365997526217317e+30
4226141509649578 -20224196141947684 2.0866853261675872e+30
1161529915504542.5 32981921937900600 2.7189894850030412e+30
-2032681459783968 52461702014794616 4.7887734812386343e+29
-22989437899480568 31439146598336800 3.932632707776063e+30
76068454275657792 32121097204072228 6.0758939895604257e+29
4363992167229447 8163824053398659 3.9392736621925173e+30
27853487358920996 55758347251645784 2.1814374155097703e+30
30506437210563804 -12198366960273704 5.0194804690278959e+29
63655886302055200 41454987932623848 3.4270626133237611e+30
-96971448328683712 -64937636534090056 1.0372322190976334e+30
-40879023487384224 -47537228341799320 1.7071438520837678e+30
-96164929373251424 1.0151322954030707e+17 2.492283845833322e+30
-10198215355531408 -19828184785124336 3.4884110080046844e+30
-37495157220561872 -51251169857711320 2.8092098203276979e+30
17891691191919610 -30057299646654780 1.476338468793334e+30
1.1174589113270914e+17 87528962911405056 1.9159525581432828e+30
-72698827366681600 22823379946914640 3.7395436019484911e+30
-4179809133980395.5 33382948174378080 2.4409489892000593e+30
48628025218221312 644879105017375.75 2.81180360802689e+30
46857963328712224 -28913720069808672 7.7144032487312908e+29
72216444918232384 18405901509348816 1.7617803881334907e+30
-24153850701812380 -22084519833703504 6.1318098133861353e+29
1.077902554300725e+17 81835833755214144 3.3283875578395346e+30
-46504501471550088 -26481385578650672 1.4580379320302787e+30
-85979869801819120 -50540549559489784 3.6890225874584172e+30
5412274721194112 73777519106807472 1.6794726859993952e+30
24475219742449520 -20158336056554660 2.115102894653619e+30
-2016613360125143.8 -17530051670493792 3.4581254787012176e+30
-32238547558865308 64774059614155880 1.6981986822500224e+30
-36017160122674184 -47009524930535232 1.2438110916133952e+28
8272685202234667 4249581042772628 1.4202550752087375e+30
41157261881480952 -83824942281840144 1.6802544416171569e+30
-54843461827337552 35278150783006336 1.7891851185127544e+30
-7034263191610630 -20630155045495976 1.399975868093232e+30
-7341510834273829 -21868411615130780 3.4732309053996925e+30
-25192788268122260 -12115297360210084 2.6531709501508796e+30
-1.1357108932606539e+17 78722631717832768 1.065670301617131e+30
-34618747811094796 -37482049184437632 1.1963723563300329e+30
-1.0869803854194171e+17 1.035723828789136e+17 1.9667972823667531e+30
-19054550518308248 31641119080383388 3.4680949618549599e+29
33344652887636916 18795087948534212 3.0796611500051731e+30
-21398869893223532 50454254415039680 3.7160728189215625e+30
16040128904465760 -29671817094717764 1.492293271819381e+30
-30825639737114216 -299067562226857.12 1.1626118988684873e+30
2813726678060139.5 -25441647079290572 9.7047672448659596e+29
-21289571403220952 24786512532917328 5.535340139831403e+28
-19194908964888564 3027730046194611 1.2605210843984486e+30
36376589334961776 11751140582644346 2.5477483606388623e+30
-22230304311231852 -69536863219039960 3.5127813249179551e+30
-11015133814992906 21510437624561188 1.9427399030164091e+30
7231077725835200 -26491993043335776 2.8808529330427e+30
-84701364252924032 51341603737169728 3.9180939495194789e+30
77143237423725088 40529223348836480 2.7551210577823432e+30
-17952218964417050 23699672272329480 3.9006412761466653e+30
69359333133088272 -21300691174651716 3.6379719801469585e+30
6800429827667477 5769832343781159 2.0594558688095449e+30
-38649563222514288 29523652346805780 2.8590296060095317e+30
-64570005288052624 -8275330440219904 3.8355698013803709e+30
-27948311442321520 2773162837412295.5 1.9282846906755798e+30
35785480427166572 -1.0352205361943144e+17 1.5266382211717171e+30
-6339247304099743 -20344314901351956 1.0689128669713831e+30
8447643788150513 -94889099561845728 1.0776293594124974e+30
-81364526000890736 25650154075722304 3.236639753528607e+30
12862064993166516 -51452668282386520 6.7912016415987511e+29
22402896988000220 42172648040860240 3.2594315657019017e+30
26689707748427196 -41109263011026456 3.5456835886947468e+30
9211760045673454 -26913791888145596 3.9693848565174347e+30
9773038010358952 28982839147798456 6.0077342216658771e+29
-26369465128035760 1629833154269270.8 4.6496855744031485e+29
-27510881376899848 -19468789655896340 3.4358752802720306e+30
2676710228540288.5 9738193516737770 1.6604881345696203e+30
24945815017748716 78968590931334208 2.2519262489684245e+30
-6815541231309104 20264827230500408 1.9893937704508051e+30
28660717589793616 17957464261182574 5.6242801578317807e+29
-32518300525575612 -13247271575497922 1.0834002787646799e+30
-25408599469979708 -10733831137847288 2.8211712745986843e+30
-19553227044353892 36172020700975304 3.3663342478272862e+29
49461923777151136 13196604323328752 3.1717261634421636e+30
3197513677765022 -23790990045537840 3.2253967756222754e+30
13372493821774218 8285787895791805 2.8321257166581429e+30
-15100502671507212 22426391652687248 3.6313353321336104e+30
-23529225210789048 -65501940373624784 1.5072550848944129e+30
-43013818358823384 27556487511550620 6.1430462224302686e+29
67727286229816392 -32195782865897980 2.4211614805109819e+30
-28164694414718776 69668941979008504 2.3836289298512619e+30
-56830672791369920 33604133530189152 2.4041053375686028e+30
-29016999883845808 18678951104725160 1.6186362084579683e+30
27485672529976504 15248032950061334 3.5234422158162466e+30
3875484010142253.5 -59140845091333944 1.8829761449778061e+30
20008618380345924 5263968828864432 1.1806518192668702e+30
38333239240316800 -26239524466548636 3.7884140431598392e+30
-67558047695626256 -17402532028561258 4.6242696532997882e+29
7677261925552565 -30192668821207704 3.7709293466003611e+30
51343017512206368 -1.0284552212411413e+17 3.7928648368990157e+30
5076873205280064 -30773926146881840 1.8631204408978841e+30
29188845572079300 19393628496751944 1.423273299970082e+29
-15897281487415216 -6299943657118637 1.3131019240244608e+30
45496153688977160 -180157422938981.09 3.5502958578429313e+28
-46703499864416464 85586410734964640 3.8675529921859473e+30
-55429505683459408 6530448947777729 2.124585437635528e+29
1643880545168931.5 -14814320738424970 2.8847479282619365e+30
-65344193805892032 -25819943276154928 1.1557072708637563e+30
28885881954323384 16626230740016502 2.7108077954163696e+30
44166226932162056 -21252256279917084 2.3183226906757932e+30
-62437636806755192 -74995023020944800 1.7787407533452465e+30
-94185497349144032 18283933631082780 1.0237603359956711e+30
61281104344389360 -1.1671349529722733e+17 2.8585590708936474e+30
-17432203097235584 25088108678836816 1.9430235262165731e+30
-16100563720750790 -6069182108799660 5.0741603986984748e+29
-38519237229114344 -13256056572895900 1.375144261546733e+30
-9694861375364542 54549055632482664 1.7015113097210053e+29
-3306764793881349.5 14117004111823094 1.6658010029077096e+30
29025650010963436 18924646427693776 3.8722478124175894e+30
-85092079947402032 -34527690728158480 3.6861738553952291e+30
-14065860143935716 -13902471231054966 9.8024136991958429e+29
-1084980987204508.5 -20206906902774576 4.5205886175003517e+29
-76890886941384240 17872279365894516 8.9919170304990384e+29
-4892583128662441 -55318457495043368 1.6706162405518932e+30
84540265512534240 -81263556865421136 3.3840487750142441e+30
37946421451618080 -23222372093770952 3.5967157279827057e+30
-37808423660077904 -16078856831034076 2.8953897600686845e+30
7232936107956709 5329204207634978 3.8627600241809019e+30
-10311836950514536 24953846067642148 3.3177622277720919e+30
-37772096121365096 -53334569835676896 2.6020189267366396e+30
25872770184008952 10436289275417742 3.9299555036887915e+30
-8682548280660901 -65419049088042568 2.4411801963006384e+30
51697526889735280 -91298282170992864 1.5574527884935715e+30
96510713486694848 1.2441485054809251e+17 2.5940248284802597e+30
27662016593837180 -49950395804998400 2.9693740025176139e+30
25184101761105364 85672751622794976 1.0725917734196915e+30
-97751159482364496 12678899206608244 1.8656673494135146e+30
-44935781263778792 -12480859972062194 9.1227217455781214e+29
-42717258488545864 329596106538783.81 2.7511068293526035e+30
-58811361608349160 -17457652146949778 2.657486789597328e+30
-31383386061555256 -43200956649245728 1.306465224570508e+30
96262219970097696 30257013944896308 2.0236596645361756e+30
24911682092388152 -21832464414225792 2.1703087048742997e+30
-22458823942757256 52611652116894208 3.4160281189366293e+29
42835602606021032 52253494317206344 2.8867500959162901e+30
42432004624190848 -25577017329749216 2.8816605156081948e+30
31807328532240088 -18347064003734052 2.4014689342691038e+30
-81895041610297392 61714542283097240 2.5420980413062024e+30
-82046060870480512 89781746086540576 7.6562911918472122e+28
-39743218738452352 -12991829214033076 2.1645397599998161e+30
-31520234131801524 47179607700205984 2.8290427665816481e+30
16364882155048512 45761282846287344 2.2555117641158978e+30
3377783367192698 -13478497376205726 1.9697326479204183e+30
39004480689603008 53474678360977904 1.5287839589887882e+30
1168242940427602 -15183771629761796 1.1797751131000653e+30
-83488423730479552 -44633942325050464 8.0100133425612428e+29
-58519483786098520 -21157773225216628 2.4051796050623519e+30
19804722198276328 3776764541452924 6.0501785610184807e+29
10034734803132540 43878424969910384 5.7577519024505123e+29
-17386811880257244 -1813052715100733.2 2.2371628038830066e+30
-15778639016070890 -6434005918129135 3.1227235831342255e+30
22290419488146496 6693700001703415 1.4761865694602675e+30
-84893464641633120 -62729819717438560 4.9510157625101008e+29
-4508332241837353 15731870216094110 1.0671724857515076e+29
10462719888544956 1875678783955065 1.9661731921295636e+30
9316966639062236 56415871547822120 8.5964914909566955e+29
9199225313782072 3262359511363128.5 3.5727226364625825e+30
-97022962524485920 -60859103943651992 2.0819692694544338e+30
48235590194665416 53791281822588576 2.3512238069428417e+30
25173634550068764 -23434709162886468 3.7981357770312502e+30
-81390624523668544 95324220669895488 2.9107876519050201e+30
-21457908534726300 23069129247047160 2.8979038479263111e+30
6421276170945624 -10830955171154292 3.950746172958229e+30
11826248697065294 -11112230494324124 1.1438100029668562e+30
97105172317152768 -79818640873270336 3.6975212072377646e+30
30192927253172336 25050362167835472 3.7462756971048458e+30
-6378065234029770 -15828194151030244 1.7604144954113194e+29
54163193956787352 -37306700826916560 3.9095931921062373e+30
-67226718345109152 -54777798468720424 1.6798171018236936e+29
-5464651474554185 -16627510611478688 5.3929563882137587e+29
12361627687787840 25925348427186352 3.5285519129540258e+30
31475095403598148 -19165841078868956 1.1171854088957871e+30
38796626518756488 10772054007662178 3.4599786800617862e+30
42482425451409072 -7776309585245716 2.7211415852790154e+30
35166369398062664 15418188184950428 9.186207302389449e+29
1.0310385315875069e+17 53633112524414464 1.3729509197206527e+29
-55842012939852832 1776328055056383 2.9143456693545878e+30
81396493572090128 39435223218433912 3.5066375845408394e+30
25224689884499136 -24055409723911668 8.1947506482916506e+29
-62421040397450696 67414685177648152 5.8984808193904314e+29
-66696415061619496 -5093586137974784 2.7963103139788482e+29
-40670385427567904 20404418797789396 2.0130473375812267e+29
8660043080684942 3839805976579786 1.7282511304087192e+29
23836142014246932 -5118187834163531 3.0390584256273694e+30
55770104702314888 4050036060448545 4.7813044257343664e+29
51324843065793928 -20923154137523872 1.5400818261323197e+30
-42337734021373088 78418632479260416 7.5909749355495437e+29
-246837679194433.94 12313247992655416 1.8027388222759174e+30
-24264731504120528 -1771563713464139.8 3.5431434031495038e+30
42978343895407320 -20073914138109436 3.5434214144103514e+30
21160945361346240 29713418603013880 3.7843198228455388e+30
25143066542577232 -23173672873262640 7.9944964452208125e+29
-24260558264839888 -58157932931060072 2.528550771320584e+30
-39738742412285912 24525177812502304 3.247864300103736e+30
22171920168345748 -29808738601018664 1.7909172632295352e+30
11044326872091502 -48675573627963384 2.5440963524132857e+30
-1.2086943313043992e+17 77125152677314256 1.3739822530224618e+30
657050288924670.25 -21514782531207164 2.7663482930897123e+30
55988388044310440 27354902826767760 3.9772144004165067e+30
-18982778335134004 -2641110897402220 2.3767321356343656e+30
14133244511124960 -2454301969024462 5.3685317741291571e+29
30890033614756504 67753751473147328 7.2971473347956263e+29
2790743108596225 9633866650774394 2.9903444606784517e+30
-393208317068053 -37418437212036056 3.4957938739603844e+30
-11033682510599400 28169850684649824 3.6131381896556887e+30
64928111655728928 -55679675394944832 2.8679945707060995e+30
-52514937265197936 33138609074512000 1.0574675102063523e+30
18893486125308560 -8985252334261643 1.8824709325693618e+30
-50847456591583048 34451140093221432 3.7976896920082468e+30
8854943632528825 10268312798519246 2.4557688846232105e+30
1.1694826831642093e+17 77800080706680352 1.9385930971051502e+30
20497708124414128 -30166622670247892 6.5960352055188509e+29
23057194584071500 -32089946027356312 8.6488182142547945e+29
17107118101205992 -29919240487646716 2.0690899727251484e+30
23101681195033908 -9187043048721248 3.0604074327432747e+30
92946099316284160 57980093835285064 1.1335648743653178e+30
-55609204829123976 3500213365698821 1.1337403002832781e+30
-17198774125346616 -1547811460017484.8 3.0358552288926575e+29
11501270121303314 -17438877005469266 2.2017850024754278e+30
4759806877653059 7784801679503812 3.407188853172429e+30
-51002938001896496 -20903796023655332 7.5747859648826707e+29
-11081340022357866 -39387505482296992 2.8748452465184766e+30
-51212294978131240 820729622990571 3.5702937404767428e+30
-61025255161519416 9841910708564950 3.2472787117620566e+29
-15644003145060936 -24605282791682912 2.6302813974992931e+29
730773264650794.25 -15519238170756152 6.2307086520692442e+29
33040097112685176 15090419011463672 2.1803323703042058e+30
-65069801967984408 -17894589705819930 3.707972318744724e+30
-32334283893221612 14936959646666388 1.1046965656262231e+30
74071815006979728 31259645804003156 1.1997900071824223e+30
50068757813977440 -93918997786690848 3.5051058526121878e+30
-5112424374568220 -19591022152387360 3.1347417299840357e+30
-15376858160541542 22561509625346084 3.3954641064393734e+30
31535283051459768 -849307525066090.62 3.9496565119060941e+30
18735935737394660 2011906797010140.2 1.0593566691743008e+30
26942978755902876 39287837904892848 2.0994632231811006e+30
-31156283991592480 -471280844693373.81 3.0185744894884226e+30
-61896123912104576 4070290646611968.5 3.4488005609620568e+30
48869033140772296 -59378874269857480 3.5192281742871767e+30
21526899327876200 45516218370118104 8.3484206930404712e+29
-30522591246676568 39606981470594808 3.7607168177188476e+30
67950537738390224 1.0058384942674875e+17 7.7404194472145546e+29
-17006478690514672 23308290852815476 3.8134035258109321e+29
-1330809528201636.2 30683634543143308 1.3045109292876452e+30
10421822919132886 -8966982230378813 2.4733458214827543e+30
-7142639154483881 -22705429307914328 2.3406457495580897e+30
-52884000876417648 -27044978446969244 3.4633486130781255e+30
-7989855808558091 18229783225212048 1.3726196310773701e+30
15998227847991818 -25756904255502184 2.2226655752034209e+30
42519453286637048 -32568189325953928 3.7552374416352392e+30
18640651290788652 -30195832898195552 6.0478737657904264e+29
32703426865484104 -11866661549420254 2.0656811904569213e+30
3003334393110456.5 28421133995688444 7.0552856657880543e+29
51266672741776552 1.092518834907519e+17 1.9459373387107173e+29
-15589173039273216 34665616985924108 3.3857247749731444e+30
62767904006723824 -41057232773129336 2.0125360026298942e+30
14937973884196306 27304797045651676 7.4583383180756646e+29
48705841300648376 -33658163944366008 2.1898940255051645e+30
22425797811860184 -63760412769428088 7.8299427427181844e+29
-6870421310940971 -40779730660597568 3.3875715290193104e+30
28691075324314444 -7428243050234947 3.3797380191369541e+30
6609723929203793 19937930413860820 2.0727657303259241e+30
-37115026588679168 78759577589393904 1.0736142450670667e+29
20287793561317632 63857380717255256 2.2637665659175248e+29
-29989117302029708 -40984732815814016 3.1580483888450825e+30
27386225476509720 15102261069927104 1.1587064274400522e+30
59554500797501984 -36366185961304600 3.7437157980612537e+30
34420498562361928 -17397544032237486 3.2890871272187082e+30
3182051872907172.5 -84080699445450656 3.9110247179716107e+29
34645373830788760 55196040896195688 3.4436120866816967e+29
1350399208087340.8 18195293943001360 9.1771457462472343e+29
97016908100768544 84686148007865168 3.4376056876224748e+30
-53072066772978456 -88459664769647824 1.4399030975615244e+30
56360696859500192 -7817357430799877 2.5623680094938549e+30
-9733621159443632 33223986975564944 7.6594450875027585e+29
35679958778392344 21079451714789500 3.3621692316909295e+30
2700264364261427 -22963231497192572 8.2394224716698081e+29
-12148714957032692 48124682198392232 2.7612556338276496e+30
49664250468554232 2092157991151184.8 2.6499292832968509e+30
-40178345353742544 -20547033778539896 3.2110839711861121e+30
-28221088628334432 11940811203018342 2.3769021258788121e+30
24214928618538664 -19349513644067048 1.1801078522942432e+30
34317688143335832 99191773277065248 3.4802281305568214e+29
-37155192542223328 -41088977131725560 2.4754985312797335e+30
60887779109883248 16144554903459092 7.760686571563952e+29
-76877673637166400 11177301204532968 1.1907928264327526e+30
-56657090823162192 -3372200895787654.5 4.5953298814110469e+29
-9693180884913560 34633131876939864 1.1500388337596255e+30
-7652387767688551 -15540367701840796 2.3681630949110035e+30
20172135865502500 -30189218751040680 2.8309882828383259e+30
-92651983270756064 59510111913652384 2.1546102995154693e+30
-11459209228123762 5705918327575786 2.9701832925255784e+30
8038103455750100 -86870444891547760 9.9253701488114231e+28
13438693746572496 -1347368912278057 3.5336400317653952e+30
60003484264318568 48830840504723776 3.8529533242917836e+30
708481050526764.75 -35776440788550340 2.8352134533446984e+30
24358797412428624 9769261838182340 1.3739007131469749e+30
13079205997745758 -56479325566735472 2.2516033781011407e+30
1.1030404548981864e+17 64976206071466296 1.5037990299434948e+30
20048728058373948 10104977636137622 3.7160339165903685e+30
18719412937314448 16153137726256758 3.2612912789270865e+30
20526589140581596 -54003618602222256 2.0947191820082832e+30
-8740136999128304 -31973081789025668 3.7509144424721737e+30
20158326153063084 -3891801348117492.5 3.8154470139569624e+30
-20502993316558108 45794342339895184 1.2313227251974164e+30
58361559314097480 -20836079575254220 2.0315526139386297e+30
-61723419403466488 -36646394262612288 2.1202380916425414e+30
-13577250500240942 21640611296439340 3.3537444755984511e+30
80504871325150816 -41264623855981392 1.3278322428720216e+30
82567856125448480 55634983030674840 6.8839535802271789e+29
4508917143336395 -24165889546878008 2.5680628349035206e+30
16724159645569954 -49702729572660424 2.5455163065956985e+30
-17664129937740700 26090309885350668 2.7479469929919807e+30
-37225208455837552 19775167712926436 2.4387551781651815e+30
-82788351577208608 22251229295686188 1.8906078920772719e+30
18988735216976224 2325270172826990.5 3.3183343019636299e+30
16418438411635276 -5428787501762562 3.4096948213267791e+30
16751625082054872 -20015159085429824 3.5594528182323357e+30
-57565008030182208 -24864286412787004 2.8665347277729923e+30
44120994007394296 86015315981757664 9.3941437066503729e+29
-42078409783023784 14057943058079840 1.6303374232627768e+30
17234898492849384 15256352836206286 1.536471397285645e+30
-9371502463790610 8035056577190993 1.4748044764715421e+30
-90016693247637008 43116291121912160 1.265652589421372e+30
-68752578293879408 -22638188937537308 2.5547956357255744e+30
29280304862642344 -21187398951683348 2.3329086652583607e+30
6352009157656698 39777617463279128 1.5332424403874893e+30
-7455203673993490 23626300030404348 3.867271126230156e+30
22652281173277916 -16181199221624270 3.5208662335402429e+30
52621973927612528 43093893105435544 2.802925500822555e+30
517574109980240 -15681216946960414 3.5100242541737696e+29
-21779955487384688 1021475305355934.8 3.814892477726133e+30
27734857372630196 -26536469037178336 1.2016108330383465e+30
47859549756188000 -2170156173748469 2.5600874111194358e+29
-43847707818262872 -6325297048223123 3.6919555432132294e+30
-16991681597522970 -24936673037440868 2.6986689606277607e+30
29976632682946080 26588867920100664 1.7864763097457115e+30
19548290499545476 1536471644571073 3.3612510371282747e+30
-20099871226342416 22856884392796852 5.8367520652874351e+29
-36772310953680672 -81599148677973792 1.0896659127993715e+30
-30924718807575288 17651362159193522 3.161293383876224e+30
-27575736256845388 10532336668475838 7.7300689026848064e+29
-80383558143551120 -47365106625989056 3.2272171165687672e+30
28215460839935916 4922007509299048 5.4739378909259563e+28
-14783714994920712 -35125873819203504 1.3557242226373238e+30
-6542791547021613 -26114026429381976 1.9473629937495491e+29
-3190954496179367.5 14224327690828332 2.7330807549489301e+30
-19368966364803308 24221531464106420 7.2894175339695879e+29
-85914256315614608 52036176680029056 1.9216788820741077e+30
76135827718514880 96982524490323552 4.2486867564180153e+29
11685893133419828 -22281411314525548 3.4685287311599197e+30
-63652005454843096 80149782034498608 2.2373077661216348e+29
28383535695975396 -21989267999581020 1.0383183113702661e+30
-34043586112477712 -22302708069320316 2.2566584403545942e+30
6294832747593064 75921113647181776 2.0098982804709529e+30
-8262863689588493 9218883340896614 1.9625275695183289e+30
-20082431416516280 -4693805018081710 7.1159380955573012e+29
-18302703400576968 -3478064508843615 6.2343396709705043e+29
16629838043419992 6899418939763508 2.9006491676786563e+30
-6486826229244088 -15731783952063130 1.5142027591181251e+30
-2584221121693184 63979472282866968 5.1870193261515933e+29
31243962877759420 -70560301165692248 3.2399208094755888e+30
-32130532552036012 -42244183316679176 2.7083771928880622e+29
-16816420942243864 58287626379659704 1.7794338864811259e+27
-3095684188424217.5 14642247513196654 2.1676589386371986e+30
26198272787151644 30064017741371868 3.8818015922223137e+30
-4699646232088204 -17282804295312310 1.2504084951610575e+30
-4208328329566761 22062725565030820 2.8673304970305117e+30
5826595228991563 18367849386310008 1.2024070441718228e+30
25228162525484492 -24120452475514296 2.7930027747795027e+30
4806789933347053 7739562431545754 2.0103498319913375e+29
29868349346909240 26959368901055444 2.1654755474548109e+30
-80945559638035952 26830778415707388 2.3527149840294615e+30
-6177961706476824 -20247428436768548 1.2140213481914681e+30
12797334452502202 -86078213456176800 2.5670896348992249e+30
-15993237251862410 -54131894801450208 2.3108856796613025e+30
-1355727020809456.2 21229681421804972 9.3454758036789654e+29
-24702119850797256 -22766451352748072 2.3512773060019562e+30
-64883908305295608 -38819600403994504 8.3810782759179922e+29
-1105688012239394.5 16104540200162110 3.0377303895645339e+30
85182213658668048 50038450990500320 3.8483291840595078e+30
32618489291369240 16445358976903336 2.1879725924887046e+30
-59714740970271704 25737644578970284 1.0551696738485993e+30
50915432838274360 21995162747554152 2.761862300669872e+30
-50957208340382064 77258292939401920 2.5532026188995507e+30
26291701598571352 -7566544678266648 3.6517903623708576e+30
17199400944548864 -6507658607701592 2.8580386753917154e+30
-96353583750122864 60367311794770176 1.4615944084709743e+30
-19887086760932104 -81966385024464544 3.1659156443640053e+29
-3330959411573578 -43960781647867888 2.9022322645235551e+30
4726293366521547 -36138129469094424 7.4221047042833924e+29
5181417436794794 -24593337825588536 4.7574868482651038e+29
-14961008514040816 19568316799595940 1.517570006679626e+30
38064835921591904 -3641197801052385.5 2.2970012743067975e+30
5863577901807590 6707791699988012 1.0729245212346245e+30
67193775321836760 21262749168768872 5.7224481170559666e+29
-8596713953790044 -21629002730021124 9.2393245598339425e+29
22988358849325256 56415022652190272 9.0992270909873222e+29
1796307584025758.2 -46089119535520368 7.6389393258802059e+29
18147036950545036 61256117688552032 1.4268461827760028e+30
-1.0171808382876502e+17 25253836569922336 2.9843315807218056e+30
-8622147948941870 18654051924953236 3.4424263908640398e+30
-21756240249182552 24895126015948984 2.9971318589219212e+29
-20361043639596004 42717700414788824 4.6211516850836604e+29
5567742295698038 6999389954158518 2.9510497715246176e+30
29670801027454036 79594754287011776 1.4193093929940091e+30
-76633591800042336 -16293574726568494 3.3195355665621503e+30
-50155536143454168 -408873378132964.62 3.8778839387809124e+30
52204595871154536 -14154962774597840 5.5917168088258604e+29
-44151722707398608 80035924616841680 3.4120961034102703e+30
42338853205684424 67854228771223472 3.7052134204601504e+30
30154135850059412 -24650172801212284 2.0889349083392528e+30
83840570109876832 95241689525465408 1.9648358523750374e+30
38961266411831480 -1.0934465531129021e+17 1.9319728079801991e+30
-27408182581394496 -4772390613698092 2.9887395725490438e+30
-27969271646828908 11373988319711726 9.7361609825435809e+29
10354730737771074 -30097240191580840 2.9614750161141459e+30
-261841644954602.66 -20833169438498144 1.8737056180295548e+30
-9915406778267374 -71216974133139464 2.9087680510234944e+30
1.0749462791471918e+17 65850666618118184 3.2689516247096987e+30
-30875723561919328 40450185806792216 1.3333302031835727e+30
-1.243727637248573e+17 69178121163743448 3.7915374949990593e+30
-23901083347016796 -57585229079101464 3.6016571208017704e+30
-16294981288962646 -52866137120189576 1.4135673547493872e+30
-67194885818018904 81978277464053744 6.8372908339491656e+29
-13274324233675506 -35981089621101388 1.66767489107652e+30
-17864375070642338 -14514161021871384 1.458558716115237e+30
97515460454638704 60075309120185416 1.0291305515330158e+30
42282550465865552 -28837761677543256 1.7420319445045517e+30
-31581297964096716 7852731466027837 2.9338104815898581e+30
35257415688656588 -92860105896578560 2.308291672876457e+30
-691467152256237 -59981316082910136 5.0244504328155143e+29
-86227082059850352 47027112092179312 8.5440242992483352e+29
-36659797972029632 -2983809873132173.5 1.5744289477448954e+30
58953782699929760 22027452479035516 2.2125080202009815e+30
-58733316863946208 102439826666692.78 2.8414008971977533e+30
-43493863173166560 42141848282553424 3.5750559738034488e+30
-25539740695068480 53869076222743328 6.4395797644599846e+29
39091694106283584 -18081344437497564 2.7621349078197735e+30
63954001184151576 -1.038740766520592e+17 2.1568877181661622e+30
19599311547342020 29257426132672900 2.0324697937966182e+30
-47916838339147880 79647723528503232 2.0717988099909827e+30
28547988037181156 -1142230471746579.8 3.8067935187717917e+30
44635795353386600 -4060850255031137.5 3.7493802259350008e+30
-1.1390682899626408e+17 69976174496210264 3.914389044987363e+30
21858664335781392 -50497696898867296 2.4124734791693269e+30
9422524560116444 17926990662139672 2.2009074025108779e+30
-58934884551049272 -19181818777241716 2.5763001193611768e+30
14659252227694556 36288570247735584 1.7164746665117356e+29
-59492215822799024 -11289977508307354 2.7841192884719864e+30
-38502464462942688 -75765066722564928 8.052463709439603e+29
-83468274503745072 98514382446931840 1.3521097798577876e+30
68193492202077040 1.1862396968171018e+17 9.8774585551557485e+29
-37842283121850168 7383569975882345 8.3040264863559078e+29
-9699715620757948 10817582349359296 3.3300429556320675e+30
-8077104067503743 -14291650105236658 3.6831486226480546e+30
16328397051789158 -5306638771501608 2.254200097673665e+29
-5639169266450977 31226508590509148 2.5625401820898714e+29
6508901322260792 25899571030347336 3.6235536706518588e+30
-6151480877013327 -70714922320440456 3.1580890814082932e+30
-35811024560838664 -65393449052224424 3.0565377658573546e+29
59709803806945064 46821525326717032 3.7931716429868488e+30
-17041916191696488 38696567280535960 1.6121268119022647e+30
-62666856830017264 -43048893950945400 3.4794268194216775e+30
-1.0283346627949427e+17 -75152430747181072 9.0428509972194541e+29
-6872607901982424 -20659983565250516 1.5525685034828229e+30
-14580834766798356 -7762803771875406 2.7233299124771765e+30
-36888758877367912 22288671009308544 3.9673407075779198e+30
29764311957736800 21366867480804272 3.7745646524539407e+30
63474548727230400 5615638135565354 2.4001374320943507e+30
-4082056201699401 15407638166243978 2.342441721776173e+30
9915967842886612 24451910968860200 1.5073358574360532e+30
46831119500534200 33021963096202360 1.7529638115586456e+30
-3646400802642914.5 -48703987659482968 1.0559499878476721e+30
-18809557224413592 -3898471652071723.5 2.8394613015695206e+29
45598284692551824 -1.0530565165660502e+17 3.7736751861021088e+30
-26723676530345332 -57265178982955432 8.6558521266175288e+29
78082374125008544 -43743739479725792 3.699332536749186e+30
535907773561124.75 -15667326816521248 8.1576274316378182e+29
1.2527662085530238e+17 1.1415753587184491e+17 1.5348811606021653e+30
-13368685875890942 -9064061467336994 1.2906765952113356e+30
5390107410979845 33705602856524744 1.0864529776471913e+30
-62186875967291424 17102748101962860 1.08038053334525e+30
16938729658776962 58589129592350448 9.8462431360384196e+29
-44796590381291184 59811249024014184 1.8927921651592479e+30
13314017534099690 28168901407450372 1.4397436267733763e+30
-39616061275392200 61795580113131880 2.0945901452347249e+30
-5160293939177500 12356434417939602 1.4863396803384201e+30
21983416244536420 -975395232079206.25 1.5091913025891283e+30
-64413374826831496 -3018105510144121.5 3.0712539798684804e+29
27677862552482860 41716268789797704 2.1506325322691275e+30
-91996069684093664 32369039306368872 8.6007670973846511e+29
27557119860110428 -13979656184522456 2.7366909927814932e+30
-37612714018554304 77578395921326528 3.6754926711878257e+30
-9198812240395862 -16346873339698436 4.9487195711105551e+29
-18416847935862916 -3307975463071488.5 1.550722035138473e+30
55413287284557576 -27812179782954600 3.2955217183402196e+30
-61981544311528152 -9946936731630058 3.6071049850409873e+30
-51387903564106448 32765020310325492 3.3343180176598063e+30
-65635522604960920 -28978660029755864 1.4722964403632378e+30
-48187157787278344 -12279635514907240 1.8831311615958365e+30
561656824663674.94 19098821666109432 4.9752955713599146e+29
27295298580697948 14918917435904082 2.3586200255766883e+30
-32348430105410992 -25387116461443448 1.7799725548395666e+30
32521730218656780 7111179523462102 2.5701175813864037e+30
20304021201575936 -6019781085271406 3.6923456613828557e+30
-56354891173265144 6809052873676115 3.3026032945073707e+29
28525471643796448 -14132866022115552 8.3795599651359772e+29
-34561534974668368 11954864302763088 3.4650712114348747e+30
62197861888371472 -41006439210114784 3.4894390820706213e+30
-24356964825558224 -2673434150176955 1.4334177508311445e+30
-77340016047432816 13567327795326016 8.224093076672267e+29
-68718847296073720 19605235535102636 4.9439387369552716e+29
-55357377991893584 20718976265923408 2.2731114721246459e+30
20200762351255896 3866004333483286.5 1.9958471218524361e+30
-71569842520669896 -46765654452789432 2.6393509072226392e+30
-3978950539518794.5 -17888439439649316 9.5592842150868115e+29
-67615213070628168 -97779391835315312 2.4354268559221876e+29
9434980534151112 -27029346194152288 2.5123366441428419e+30
-17231418843925794 -4760180225022028 1.6134791437361675e+30
-27243032180189120 9855482364113272 1.2121480480269251e+30
71376537077006296 1350777245650876.2 2.3603943227147043e+30
-18446653722304148 -3352368902752461 2.7475053955539902e+30
-20053487169220600 -25235452120457016 1.024013775829466e+30
8510225989463039 -24546665439393392 1.3082969933057268e+30
-98333628435929.891 44765438131088376 3.7453727751936568e+30
-56960478555795784 68261005758729368 2.566455797669311e+30
-59718328363999.008 -66675253223204544 1.3809156871569596e+29
-15056508749532968 1332798316431247 9.1058691066329433e+29
35359093801322292 -38458482541276552 1.1779420189506e+30
72417521132135760 -781792592477920.75 3.1450054844219164e+30
1325604440576566.2 19254936543645036 7.7983123517535561e+28
-48971427650584496 -27078222171199532 1.7244384030244932e+30
62422467730037456 -34243499205854140 3.7614390571545171e+30
29354709132152308 19901343806440504 3.729460624673836e+30
-11952096979028866 56483272481622920 2.0364086671188955e+30
-22051485791955860 -60759544871207720 2.1784180420727317e+30
-24289458738972792 -14613028022275918 2.0232519836117015e+30
26544830275474624 -13714246272727968 1.0530920748520396e+30
-21730968568918124 -36353737327722528 3.7099100325625108e+30
-81354813838924512 9686142345567476 3.546554234918724e+30
2403335147124261.5 -14214252246110934 1.0223395380310412e+30
33905431802291568 17426071113839538 2.987003496902575e+30
-55559253753658464 67279732279178632 3.2114979413985218e+30
-792546860202492.88 -39969015221627752 2.815252104632334e+30
-20127872725552440 -5980427660036708 3.0113334399420951e+30
-5422800767375426 -19785119617004184 1.1406090569612045e+30
86505840895282416 80429372444797072 7.8766214156272199e+29
19218467237598484 2612352307814342 7.0512808021091907e+29
-17368272465856940 28233452990585008 3.5625771087240433e+30
-68164403826339896 20908946346940460 2.4117583943205471e+30
-52985461219552920 -12959308829040298 1.6581168429860612e+30
-61273653819486184 -16150349645873046 9.674087281584805e+29
7975945593298168 31586642067698964 4.3564149882177047e+29
-83323308660692192 94862005398391104 2.9861824452408647e+30
-49913072233344184 58010306919616920 2.378297553519974e+30
-44939693959651568 -45666276168019944 1.9950399778854967e+30
-456631431315350.94 26453080790783672 3.6053995783566939e+29
-31564621379602968 31913256171909344 5.3231129273574296e+29
-22173253594872536 24981456107218952 3.5594606637047024e+30
22077707871048836 29921571954425044 1.5559034636725802e+30
35818317952167724 -45781306457474376 1.6480463149732277e+30
-14140363733751786 5153406639566535 5.3239016026599954e+29
62770051386344888 15414558241023210 3.6338961663697219e+30
84091529980803152 42115205536524552 4.0185464137015814e+29
16210201003291194 78610174506543760 2.233822824887928e+30
26105746652132476 -47899606032335688 2.3057153967051323e+30
-2155413500672385.8 -22002824251912636 2.2096872740225328e+30
-1.2452371525464656e+17 68964058682905880 3.1336612730197841e+30
-65090014229685128 -7262066372873289 8.4767815053060289e+29
-14612016947416174 -36178761834057656 6.6148798104267418e+29
54057298352221088 -1.1030941752500376e+17 2.1557493725228894e+30
-6656044277664443 -22561461989818692 3.1420034646999029e+30
13283641976329002 -19011535227381840 1.221224946857496e+30
-1879659091672894.2 37693063491561760 3.1375495055125595e+30
-52923398795988160 73450228392427008 2.5786195244267598e+30
-22688047709169220 39525270355667224 4.0362681768853992e+29
53946067455574544 -21766347232559184 3.0917286190386678e+30
17836859566098270 -30048976059196592 3.25846145654973e+30
24157920027310952 9455505752496336 1.431459800274579e+30
-2874120014108606 26220690448042652 1.3644983061574854e+30
-58251752618199160 -16575601958081974 3.4615599434275683e+30
15822258052553060 -56465977584024720 8.4687473479470824e+29
-53534109366603912 -29892462490971888 3.4382063976622049e+29
-6819597976451954 12407561046647786 2.1310279412273206e+30
21669184852108924 -29966388658540664 1.4134117070936141e+30
-18449349438633716 -38196972752829944 2.7551078860724761e+30
-14493317013330574 -7858182807244791 1.8093216623728954e+30
7100919332538179 -25751829293503752 3.4541157196171543e+30
10171725872645976 35232424758100452 9.7085494962247481e+29
-22132919542288020 42792091986016728 2.2313000295363831e+30
37610080040591568 -49228801100420456 2.5284630651300332e+30
-97420382567791088 54641297872282120 8.3357767136710314e+29
32227607791462260 -55435452646081752 7.8315887679232874e+29
83165646072004400 31522369216567764 1.9180795057563664e+30
-49253321129229160 -79051961943556736 1.9022688816753408e+29
-19537361851468100 -32226751597184284 1.6167557420220042e+30
86217842080659008 25718698336708660 2.5850068162191143e+30
19223141695045028 2117435536087667.2 2.3907362308236381e+30
5896255939204933 6675448179160570 1.7884671053726696e+29
-20683883915912336 -725127234652219.88 5.5005394255149273e+28
24520815343294808 -20310520263137984 3.2660128627240564e+30
15113890909061928 -43633161703897912 5.2128980607258432e+29
9039004242660590 3434820770203329 1.7534561961680734e+30
-1.0038934881324699e+17 23914862838587516 2.8618648210269267e+30
-5637271746933834 11890018186311202 1.7932918628985446e+30
-58648560727992568 -4094130675811954.5 3.0860213927440091e+30
-18165860893017256 -67645213074916376 3.787294433002547e+30
-17136082440581056 -44649231292951112 1.7030597575130115e+30
-53546013677015488 5636879061198744 7.6667166372830566e+28
35359045238023604 -35378720913740504 2.7521066633945524e+30
27593957567060600 15529228026652094 2.1802644994189245e+29
40868592037618328 4292715442443265 4.1777468573917336e+29
1365097111014289.8 48596516089263736 3.7311652216771815e+30
21990551199532688 -41166188478626208 4.8519881969788135e+29
26091201050116652 -71608052788888168 4.6775727038626778e+29
-8364934221762910 19787044448584248 3.6220854721610631e+29
6363202957826862 6210351080406287 4.4116686869832598e+29
-1357402663347679.5 43285957427560216 6.463264588631469e+28
-3537186093370677 21660063055756836 4.728243418779113e+29
-29276533239003392 14698671725715216 2.5416681954761265e+30
-24032464242760320 4302426536105161.5 3.1950466666592185e+30
-10552391422257210 -11933127982796580 8.3223271669676949e+29
23448441568720056 -17336242070740122 3.6680251083156014e+30
68048525222384008 -1.2234301385050542e+17 2.13964136997092e+30
69428383532425536 80399638341211056 3.1784343350234683e+30
-9264953249392570 -34417705771252172 2.1696215030290493e+30
95788466912483200 80336613218746000 1.8931789184594657e+30
-1005106424314466 12950353686510692 1.3084863035493939e+30
-58938610703527608 -20545080118031084 8.53543502321127e+29
-22690411620524040 -10686196649775390 1.118044856248896e+30
23663654193589500 -9557779155205282 3.4256265611606269e+30
73033374663268016 44658277756328112 3.9693432105223682e+30
4465217620869720.5 -32558109601431608 9.2171422969560493e+29
28589958634326872 -4722987677978900 2.5100140504736533e+30
-14258475288983628 -28720256004989912 2.4777252476144892e+30
91675984873125424 36163618965275736 2.7518814818240808e+30
20031921981887464 -10782018207410684 1.3564234087129995e+30
12458346524973728 -418225658202574.06 2.6324979960248857e+30
6513209191145344 -10749390557712626 1.1172381555829891e+30
-1.0850733540512115e+17 52557294321130296 1.5345742930278965e+30
8677324547283772 -8774088900240907 2.8308744057891919e+30
-2529442815201574.5 14193337039217738 2.3724385938985961e+30
-1.2667236220385106e+17 93197375738646480 3.7345814790740849e+30
15407989942172096 4207906024481727.5 3.1952341864572426e+30
-9419427188784830 -51737234909687624 2.0480967518222361e+30
-3823169609407613.5 23677988532349364 1.2184981566150865e+30
-95276318626373056 42301704544002008 1.0010606495567006e+30
-71459215964053928 -1877095167050239.2 2.5304091775844831e+30
-34628466634860404 -79995353619661760 3.341285104718118e+30
-21346425293761484 -8078886364007726 3.4432615260590718e+30
2819270935645903.5 -37781811310240424 6.3797448587540913e+29
52518665248589024 86837261279194608 3.7796856246973332e+30
18819709386083840 -8872867823753203 2.8667972671747594e+30
-41357564125687696 -83992198991016496 9.6073598460294749e+29
-1.1301991611081971e+17 44082566025107968 2.8570904024098534e+30
64662177372214104 33398592138762892 3.8736685505344838e+30
26752613733312232 46861640588779352 1.9148922696629449e+30
-51816325625633816 8507628635975353 3.3745917819900047e+29
-1385475838473904.8 45416757415769128 1.0448086137808305e+30
-3595351978859420.5 41120457398429992 2.1544744452974421e+30
26584427420893480 13549104118420392 1.6698567461661387e+30
35921780170708164 -26193566899720720 2.1438765481640673e+30
3633391980777428.5 8853671113727043 1.3830497385117041e+30
36167069952458640 -1324943739814223.8 3.1889473839822795e+30
52216894583764080 80546744516576352 3.7300747367208677e+30
-1.0441358004620866e+17 32255345056563004 1.4734199253071353e+30
-85532372320797392 87171728707447776 3.5733388859298824e+30
-13743013796249164 2988950221605909 3.0851155228316032e+30
7342670361667871 -25891041704889872 1.0713188491707349e+30
-67520272526745288 35648254961504968 1.1953133617013734e+30
-78520979893448016 59129179037354264 5.8745835738557969e+29
-45984934497576344 -16293684236674742 1.2141174997568098e+30
-4292250016313538 15568009490933714 2.3015138974868883e+30
6918367158055873 -69666762451381392 1.709088011363631e+30
-14373483144704712 -7988413602385813 6.1204239979542857e+29
-43626690816670592 -7693533445835932 2.8902112578054305e+30
-19450927866745592 -25238990958500188 3.0906800823798697e+30
9710692922713108 8414564192172249 3.3438035256253161e+30
72876026275263216 38351701373621208 3.2827161625385564e+30
41724253956679304 10816609427898736 4.6391131656500101e+29
41481978308817776 90843532317109936 1.9457084894956361e+30
-2797810878155226 -18071061402252248 3.9004169067958419e+30
17311475289882230 49534575690608616 1.4067425325312082e+30
-25296652297833732 -65921719931251992 3.6656968727832286e+30
-73315958328743392 -8999572326060855 8.1896419559560336e+29
3382308651124382.5 13594381548250156 6.1125338649594206e+29
-8871932879968991 -36334201171242016 2.9521745501065677e+30
-83904757985113344 -5605210585798736 2.2002212803477559e+30
40200422733010832 -4030401112983684.5 1.9533702718127093e+29
-1.028732630103911e+17 93894764330769792 3.1249663642484334e+30
-34913576474886144 -25571445148777548 2.1074776363088296e+29
13599568337129000 27625484656076564 2.1257067738563751e+30
77178550833000336 40880094457463360 5.1060808059904068e+29
-17796907200574698 3443998934388732.5 1.1427590597866079e+30
23152267430030080 7936120073086928 1.733842411084215e+30
-94992142511527600 -50120134453650072 3.1518457469366071e+30
-14291788080708180 22017675660168044 3.4040548919227425e+30
-86230819012817008 -44736546551121688 2.6717649368325937e+30
62065783177888664 -6710682566345325 8.1789957427931844e+29
49910328561315384 -39788120871178352 3.8974181449756245e+29
16846114741877302 28197719192088380 3.5535379995548934e+30
-21940706701988568 1244387856377448.5 3.81716984165882e+30
18695098317020520 3143421753279402 7.1265749938414781e+29
35107999970286436 60851484745635784 2.8151403086467616e+30
23529265075319676 78235366021730560 2.2041823218985363e+29
-1.0014141718479498e+17 60494213604902840 3.8141607849794364e+30
38265837736055208 -4588832867235594 3.7747441804376637e+30
-34116373555391512 -74728208424228960 2.9111371568099567e+30
-20390859475949884 58144032880980440 7.0940761999146362e+29
21874237604181048 63380980519737072 2.0728903262525974e+30
19572180218572604 -2950825262141811 5.8594668778223116e+29
29028328190721172 -60783336208314680 1.6863633501662733e+30
8095724891149513 4435397403178628 1.7754522550891076e+29
-38128289416331480 -85960546959497632 1.4242534149112035e+30
37538986291994064 81020906396093056 2.0916933698775971e+30
8301074320648498 -31783128923115628 7.9819347244702529e+29
-1850221782933858.8 15444474672259156 1.8035671098889892e+30
7582777688781350 -40410731528158176 1.0921929995920894e+30
33215736431773932 52935957561880536 3.5494836581590798e+30
23467473927168380 -17381740662360054 6.0132895158534504e+29
6221932586790986 21954054259237376 1.6732283977141027e+29
2107756165455150.2 52282480282030304 2.6867544138255024e+30
-39488419688373104 -11249342293133652 1.2269582808856013e+30
50598911672262080 -9028845526757388 2.2000712512316032e+29
-35328055999890848 51060105228943120 1.1996609820933956e+30
73300225671739296 49724548043714376 3.5374830574634834e+30
10383072766839040 8451651101921840 7.111687253279512e+29
0 0 1.98892e+36
